n07768694_132.JPEG	8	12	62	58
n07768694_177.JPEG	4	4	63	58
n07768694_175.JPEG	54	27	63	39
n07768694_443.JPEG	3	1	63	60
n07768694_105.JPEG	0	5	43	59
n07768694_419.JPEG	9	9	54	56
n07768694_429.JPEG	0	9	63	60
n07768694_489.JPEG	28	13	63	61
n07768694_119.JPEG	14	7	63	63
n07768694_374.JPEG	0	11	61	63
n07768694_396.JPEG	15	23	48	47
n07768694_69.JPEG	19	2	56	48
n07768694_20.JPEG	11	24	63	63
n07768694_199.JPEG	0	39	0	48
n07768694_442.JPEG	0	1	63	63
n07768694_488.JPEG	33	14	63	59
n07768694_180.JPEG	0	0	63	63
n07768694_303.JPEG	0	0	58	63
n07768694_472.JPEG	6	18	49	51
n07768694_179.JPEG	23	16	61	54
n07768694_233.JPEG	5	0	63	61
n07768694_403.JPEG	0	0	63	63
n07768694_97.JPEG	42	16	63	54
n07768694_13.JPEG	0	0	63	63
n07768694_393.JPEG	0	1	63	63
n02999410_345.JPEG	2	6	59	42
n02999410_351.JPEG	25	0	44	63
n02999410_185.JPEG	21	22	49	34
n02999410_263.JPEG	0	1	63	63
n02999410_3.JPEG	32	4	63	63
n02999410_326.JPEG	0	0	63	52
n02999410_296.JPEG	2	21	63	44
n02999410_183.JPEG	0	11	63	56
n02999410_241.JPEG	0	7	63	57
n02999410_164.JPEG	1	4	63	61
n02999410_40.JPEG	2	0	62	63
n02999410_489.JPEG	24	18	57	50
n02999410_268.JPEG	19	2	61	57
n02999410_145.JPEG	14	0	56	63
n02999410_473.JPEG	0	0	62	61
n02999410_173.JPEG	8	0	52	63
n02999410_451.JPEG	14	0	45	56
n02999410_428.JPEG	0	23	54	63
n02999410_77.JPEG	0	4	59	44
n02999410_71.JPEG	0	12	63	47
n02999410_467.JPEG	9	13	15	46
n02999410_392.JPEG	0	1	63	63
n02999410_472.JPEG	0	0	63	63
n02999410_257.JPEG	0	2	62	63
n02999410_19.JPEG	5	0	24	63
n03617480_498.JPEG	20	22	45	63
n03617480_341.JPEG	19	8	39	63
n03617480_35.JPEG	3	0	59	63
n03617480_301.JPEG	0	0	63	56
n03617480_314.JPEG	7	8	51	63
n03617480_424.JPEG	14	20	57	63
n03617480_90.JPEG	31	11	45	56
n03617480_102.JPEG	8	0	61	63
n03617480_126.JPEG	11	20	63	63
n03617480_207.JPEG	22	18	52	63
n03617480_112.JPEG	15	7	50	63
n03617480_139.JPEG	0	0	31	56
n03617480_357.JPEG	10	0	63	63
n03617480_391.JPEG	31	20	58	63
n03617480_267.JPEG	0	11	56	63
n03617480_282.JPEG	0	27	59	58
n03617480_220.JPEG	28	16	49	59
n03617480_479.JPEG	0	26	63	63
n03617480_0.JPEG	24	21	42	63
n03617480_364.JPEG	2	6	59	63
n03617480_49.JPEG	8	0	59	63
n03617480_147.JPEG	1	8	58	63
n03617480_414.JPEG	0	23	48	63
n03617480_442.JPEG	27	1	59	63
n03617480_462.JPEG	8	3	46	63
n06596364_95.JPEG	1	0	63	63
n06596364_21.JPEG	59	37	63	63
n06596364_444.JPEG	2	0	63	63
n06596364_246.JPEG	0	0	63	63
n06596364_429.JPEG	0	0	63	63
n06596364_10.JPEG	0	0	63	63
n06596364_185.JPEG	1	0	63	63
n06596364_448.JPEG	2	0	63	63
n06596364_418.JPEG	10	0	44	63
n06596364_289.JPEG	3	0	63	63
n06596364_469.JPEG	0	0	63	63
n06596364_453.JPEG	15	10	63	58
n06596364_192.JPEG	0	0	63	63
n06596364_494.JPEG	0	1	63	63
n06596364_380.JPEG	11	27	43	60
n06596364_24.JPEG	0	0	63	63
n06596364_407.JPEG	4	0	62	63
n06596364_90.JPEG	3	2	63	63
n06596364_496.JPEG	0	0	63	63
n06596364_11.JPEG	36	1	57	22
n06596364_457.JPEG	1	0	63	63
n06596364_440.JPEG	0	0	63	63
n06596364_424.JPEG	0	0	63	63
n06596364_211.JPEG	6	0	58	63
n06596364_301.JPEG	0	0	63	63
n01768244_407.JPEG	3	1	50	61
n01768244_409.JPEG	15	14	46	45
n01768244_260.JPEG	0	12	63	60
n01768244_244.JPEG	16	14	42	53
n01768244_256.JPEG	15	1	46	63
n01768244_206.JPEG	3	0	61	63
n01768244_51.JPEG	16	0	51	63
n01768244_53.JPEG	15	12	50	50
n01768244_385.JPEG	0	2	52	45
n01768244_450.JPEG	15	9	51	59
n01768244_0.JPEG	4	11	63	49
n01768244_416.JPEG	4	6	59	54
n01768244_30.JPEG	3	13	53	48
n01768244_380.JPEG	9	22	45	53
n01768244_488.JPEG	0	16	63	46
n01768244_93.JPEG	19	20	48	56
n01768244_86.JPEG	16	9	57	59
n01768244_420.JPEG	43	11	63	46
n01768244_151.JPEG	29	18	47	42
n01768244_492.JPEG	11	5	52	58
n01768244_167.JPEG	0	7	63	59
n01768244_152.JPEG	2	8	63	55
n01768244_386.JPEG	15	14	47	52
n01768244_246.JPEG	0	12	63	54
n01768244_14.JPEG	0	15	52	59
n02410509_265.JPEG	4	26	51	47
n02410509_205.JPEG	21	41	41	57
n02410509_432.JPEG	41	10	63	52
n02410509_319.JPEG	0	27	18	42
n02410509_444.JPEG	2	24	61	61
n02410509_290.JPEG	50	45	63	57
n02410509_110.JPEG	7	0	63	63
n02410509_426.JPEG	3	29	26	51
n02410509_135.JPEG	10	0	63	61
n02410509_369.JPEG	0	17	39	53
n02410509_247.JPEG	9	43	28	56
n02410509_64.JPEG	0	0	49	63
n02410509_381.JPEG	24	15	57	56
n02410509_266.JPEG	32	23	63	51
n02410509_363.JPEG	0	0	63	63
n02410509_152.JPEG	0	20	54	57
n02410509_415.JPEG	0	0	63	63
n02410509_163.JPEG	5	14	51	48
n02410509_125.JPEG	0	15	59	57
n02410509_228.JPEG	0	16	63	63
n02410509_387.JPEG	43	30	63	50
n02410509_291.JPEG	4	23	54	43
n02410509_283.JPEG	0	8	63	53
n02410509_176.JPEG	19	27	31	47
n02410509_14.JPEG	0	9	21	52
n03976657_201.JPEG	20	6	34	56
n03976657_145.JPEG	21	0	34	63
n03976657_86.JPEG	24	0	29	63
n03976657_254.JPEG	10	0	62	63
n03976657_328.JPEG	25	0	39	63
n03976657_376.JPEG	31	0	34	63
n03976657_454.JPEG	11	17	19	63
n03976657_453.JPEG	36	0	50	63
n03976657_373.JPEG	25	4	38	62
n03976657_224.JPEG	17	0	28	63
n03976657_66.JPEG	30	26	33	63
n03976657_112.JPEG	21	19	26	63
n03976657_340.JPEG	0	34	61	42
n03976657_63.JPEG	2	0	60	63
n03976657_153.JPEG	33	6	41	63
n03976657_278.JPEG	26	0	35	63
n03976657_96.JPEG	37	0	38	62
n03976657_110.JPEG	32	11	44	63
n03976657_149.JPEG	37	0	41	63
n03976657_97.JPEG	33	9	37	40
n03976657_164.JPEG	17	0	20	63
n03976657_90.JPEG	36	0	40	63
n03976657_206.JPEG	45	0	63	62
n03976657_146.JPEG	9	0	36	35
n03976657_372.JPEG	23	14	29	63
n01742172_305.JPEG	0	9	60	52
n01742172_247.JPEG	0	0	63	55
n01742172_118.JPEG	10	7	63	46
n01742172_234.JPEG	0	1	63	63
n01742172_396.JPEG	11	33	38	56
n01742172_1.JPEG	28	19	39	60
n01742172_310.JPEG	0	9	61	63
n01742172_474.JPEG	3	21	63	55
n01742172_370.JPEG	5	1	63	63
n01742172_360.JPEG	5	1	63	63
n01742172_355.JPEG	1	0	45	40
n01742172_425.JPEG	0	8	63	53
n01742172_323.JPEG	0	11	63	58
n01742172_205.JPEG	0	22	63	62
n01742172_213.JPEG	0	0	63	63
n01742172_417.JPEG	0	18	63	53
n01742172_375.JPEG	0	0	63	63
n01742172_496.JPEG	0	7	63	53
n01742172_482.JPEG	0	14	63	63
n01742172_444.JPEG	3	10	63	63
n01742172_197.JPEG	0	8	63	61
n01742172_198.JPEG	0	1	63	63
n01742172_54.JPEG	0	1	63	63
n01742172_342.JPEG	9	0	55	54
n01742172_175.JPEG	0	12	63	63
n03980874_175.JPEG	0	2	63	62
n03980874_492.JPEG	1	0	63	63
n03980874_159.JPEG	0	10	63	63
n03980874_270.JPEG	6	3	56	63
n03980874_143.JPEG	8	16	63	54
n03980874_155.JPEG	7	5	59	62
n03980874_148.JPEG	5	17	58	63
n03980874_105.JPEG	10	7	48	63
n03980874_72.JPEG	29	19	55	40
n03980874_43.JPEG	5	15	63	63
n03980874_260.JPEG	0	12	58	57
n03980874_234.JPEG	0	1	63	63
n03980874_211.JPEG	39	21	63	63
n03980874_311.JPEG	16	12	46	63
n03980874_182.JPEG	0	1	63	63
n03980874_421.JPEG	20	25	48	52
n03980874_255.JPEG	3	8	63	56
n03980874_335.JPEG	14	20	58	48
n03980874_216.JPEG	0	6	63	62
n03980874_429.JPEG	0	1	63	63
n03980874_246.JPEG	0	5	63	63
n03980874_406.JPEG	3	6	33	46
n03980874_88.JPEG	5	0	61	63
n03980874_244.JPEG	11	0	52	28
n03980874_167.JPEG	2	6	63	62
n02808440_412.JPEG	0	31	63	63
n02808440_291.JPEG	0	33	63	63
n02808440_14.JPEG	0	0	63	63
n02808440_45.JPEG	0	1	63	63
n02808440_99.JPEG	0	1	63	63
n02808440_263.JPEG	0	33	63	57
n02808440_182.JPEG	0	13	51	63
n02808440_34.JPEG	0	25	63	63
n02808440_465.JPEG	0	25	63	63
n02808440_384.JPEG	0	0	63	63
n02808440_305.JPEG	0	1	63	63
n02808440_456.JPEG	0	13	63	63
n02808440_269.JPEG	0	45	63	63
n02808440_397.JPEG	7	34	52	58
n02808440_41.JPEG	0	35	63	63
n02808440_264.JPEG	2	20	63	42
n02808440_292.JPEG	8	39	63	59
n02808440_332.JPEG	1	15	63	49
n02808440_454.JPEG	13	28	63	56
n02808440_239.JPEG	0	19	63	62
n02808440_63.JPEG	0	15	63	50
n02808440_110.JPEG	4	16	62	51
n02808440_66.JPEG	0	22	63	56
n02808440_370.JPEG	0	0	63	63
n02808440_288.JPEG	12	1	49	18
