n02403003_429.JPEG	8	32	37	45
n02403003_226.JPEG	0	17	42	63
n02403003_151.JPEG	4	7	62	60
n02403003_83.JPEG	0	4	63	62
n02403003_474.JPEG	7	13	62	61
n02403003_233.JPEG	19	30	60	49
n02403003_79.JPEG	32	30	51	48
n02403003_293.JPEG	14	23	63	63
n02403003_408.JPEG	8	0	63	63
n02403003_305.JPEG	0	3	63	63
n02403003_342.JPEG	0	17	63	63
n02403003_461.JPEG	0	15	52	63
n02403003_186.JPEG	7	14	63	60
n02403003_435.JPEG	0	3	63	63
n02403003_191.JPEG	1	16	41	59
n02403003_65.JPEG	10	35	56	63
n02403003_482.JPEG	0	19	24	63
n02403003_232.JPEG	10	19	63	47
n02403003_406.JPEG	26	24	40	37
n02403003_234.JPEG	0	18	49	60
n02403003_259.JPEG	1	5	63	63
n02403003_182.JPEG	8	20	60	39
n02403003_86.JPEG	30	26	55	44
n02403003_194.JPEG	12	21	51	49
n02403003_179.JPEG	0	1	63	63
n07615774_416.JPEG	17	21	32	26
n07615774_3.JPEG	9	6	51	60
n07615774_73.JPEG	3	25	32	49
n07615774_107.JPEG	16	27	55	44
n07615774_328.JPEG	10	4	53	63
n07615774_19.JPEG	21	13	36	54
n07615774_320.JPEG	42	12	50	17
n07615774_393.JPEG	0	14	3	38
n07615774_40.JPEG	13	23	33	44
n07615774_422.JPEG	1	12	24	47
n07615774_388.JPEG	29	20	57	30
n07615774_17.JPEG	39	27	48	36
n07615774_58.JPEG	21	1	53	53
n07615774_183.JPEG	33	37	51	55
n07615774_64.JPEG	25	33	32	36
n07615774_407.JPEG	19	34	34	62
n07615774_68.JPEG	37	25	38	29
n07615774_482.JPEG	17	30	30	42
n07615774_307.JPEG	13	0	54	63
n07615774_232.JPEG	46	52	59	63
n07615774_25.JPEG	34	37	42	51
n07615774_95.JPEG	0	17	61	55
n07615774_53.JPEG	29	0	63	63
n07615774_152.JPEG	16	25	35	63
n07615774_39.JPEG	15	0	53	63
n04501370_178.JPEG	25	24	50	63
n04501370_431.JPEG	7	0	54	63
n04501370_83.JPEG	33	10	53	54
n04501370_482.JPEG	1	0	63	63
n04501370_418.JPEG	1	10	50	63
n04501370_367.JPEG	1	0	63	63
n04501370_46.JPEG	0	1	63	63
n04501370_439.JPEG	2	0	63	55
n04501370_278.JPEG	4	0	60	63
n04501370_386.JPEG	0	16	17	63
n04501370_172.JPEG	44	28	57	51
n04501370_4.JPEG	30	40	60	63
n04501370_123.JPEG	0	13	46	63
n04501370_232.JPEG	12	29	41	63
n04501370_132.JPEG	17	15	46	49
n04501370_102.JPEG	26	33	39	63
n04501370_223.JPEG	34	36	55	63
n04501370_90.JPEG	0	0	53	63
n04501370_476.JPEG	46	38	58	63
n04501370_68.JPEG	20	0	55	58
n04501370_127.JPEG	0	10	38	56
n04501370_100.JPEG	0	0	63	63
n04501370_424.JPEG	13	0	63	63
n04501370_307.JPEG	0	0	63	63
n04501370_389.JPEG	18	14	43	58
n03026506_122.JPEG	7	0	51	63
n03026506_244.JPEG	5	0	63	63
n03026506_20.JPEG	0	0	40	63
n03026506_49.JPEG	14	0	53	32
n03026506_290.JPEG	11	0	46	63
n03026506_135.JPEG	9	0	51	63
n03026506_48.JPEG	3	0	62	63
n03026506_228.JPEG	8	0	52	63
n03026506_414.JPEG	10	0	59	63
n03026506_189.JPEG	0	1	63	63
n03026506_113.JPEG	4	0	55	63
n03026506_487.JPEG	32	0	58	63
n03026506_145.JPEG	3	0	50	63
n03026506_240.JPEG	12	0	60	63
n03026506_285.JPEG	20	9	43	56
n03026506_128.JPEG	2	0	62	63
n03026506_441.JPEG	0	13	63	58
n03026506_219.JPEG	25	0	62	63
n03026506_362.JPEG	1	0	63	63
n03026506_456.JPEG	3	0	63	63
n03026506_40.JPEG	10	0	58	63
n03026506_288.JPEG	18	0	49	63
n03026506_63.JPEG	5	0	62	63
n03026506_238.JPEG	0	26	11	54
n03026506_79.JPEG	5	0	52	63
n02906734_425.JPEG	0	17	63	47
n02906734_309.JPEG	21	17	32	36
n02906734_125.JPEG	27	0	40	63
n02906734_347.JPEG	14	16	58	63
n02906734_80.JPEG	6	0	57	63
n02906734_134.JPEG	33	0	46	63
n02906734_173.JPEG	19	8	31	63
n02906734_404.JPEG	0	8	63	49
n02906734_217.JPEG	6	0	24	52
n02906734_146.JPEG	7	0	55	63
n02906734_340.JPEG	10	7	50	63
n02906734_393.JPEG	5	0	58	63
n02906734_8.JPEG	0	34	63	63
n02906734_486.JPEG	15	0	47	61
n02906734_6.JPEG	0	6	34	63
n02906734_237.JPEG	17	7	46	63
n02906734_429.JPEG	12	35	63	63
n02906734_357.JPEG	16	34	63	57
n02906734_69.JPEG	0	6	63	49
n02906734_259.JPEG	2	1	62	61
n02906734_113.JPEG	4	0	60	63
n02906734_122.JPEG	34	5	56	61
n02906734_262.JPEG	27	18	49	63
n02906734_90.JPEG	1	2	59	39
n02906734_472.JPEG	9	0	59	63
n01770393_69.JPEG	0	20	63	52
n01770393_475.JPEG	8	14	54	44
n01770393_78.JPEG	22	13	50	55
n01770393_236.JPEG	0	16	53	55
n01770393_377.JPEG	21	16	63	49
n01770393_266.JPEG	19	27	46	39
n01770393_489.JPEG	13	0	55	63
n01770393_29.JPEG	22	28	44	44
n01770393_416.JPEG	14	11	54	58
n01770393_229.JPEG	17	11	50	58
n01770393_440.JPEG	0	11	63	49
n01770393_455.JPEG	26	23	63	50
n01770393_152.JPEG	33	27	39	37
n01770393_298.JPEG	22	12	57	36
n01770393_81.JPEG	0	5	63	63
n01770393_394.JPEG	0	5	63	56
n01770393_468.JPEG	0	0	63	57
n01770393_157.JPEG	16	16	53	40
n01770393_58.JPEG	24	15	53	43
n01770393_405.JPEG	8	11	63	58
n01770393_71.JPEG	0	3	61	55
n01770393_75.JPEG	13	2	51	61
n01770393_278.JPEG	19	0	54	63
n01770393_338.JPEG	10	5	53	63
n01770393_149.JPEG	7	14	62	47
n04597913_135.JPEG	25	27	63	54
n04597913_394.JPEG	0	17	63	42
n04597913_35.JPEG	26	0	44	63
n04597913_379.JPEG	0	15	41	47
n04597913_25.JPEG	20	0	63	47
n04597913_259.JPEG	35	31	63	38
n04597913_241.JPEG	34	10	50	42
n04597913_153.JPEG	32	13	58	63
n04597913_360.JPEG	27	1	50	43
n04597913_18.JPEG	22	31	35	41
n04597913_444.JPEG	10	28	40	36
n04597913_263.JPEG	22	1	42	32
n04597913_104.JPEG	13	0	46	63
n04597913_303.JPEG	0	9	63	28
n04597913_448.JPEG	35	8	62	60
n04597913_219.JPEG	23	12	63	40
n04597913_210.JPEG	33	5	40	20
n04597913_116.JPEG	3	0	52	61
n04597913_95.JPEG	9	34	47	43
n04597913_348.JPEG	9	31	54	59
n04597913_188.JPEG	14	12	35	18
n04597913_453.JPEG	22	29	63	43
n04597913_288.JPEG	0	29	50	40
n04597913_190.JPEG	25	4	63	62
n04597913_380.JPEG	10	23	26	63
n03930313_30.JPEG	23	42	63	60
n03930313_182.JPEG	0	4	63	63
n03930313_242.JPEG	0	28	63	63
n03930313_176.JPEG	0	10	63	63
n03930313_189.JPEG	0	1	63	63
n03930313_218.JPEG	4	0	63	63
n03930313_412.JPEG	0	26	63	63
n03930313_265.JPEG	19	15	23	63
n03930313_399.JPEG	0	56	63	63
n03930313_164.JPEG	11	0	63	63
n03930313_54.JPEG	7	23	60	53
n03930313_178.JPEG	0	1	63	63
n03930313_378.JPEG	0	26	63	63
n03930313_267.JPEG	15	9	48	63
n03930313_326.JPEG	0	46	32	50
n03930313_362.JPEG	17	47	44	63
n03930313_420.JPEG	1	33	63	63
n03930313_173.JPEG	0	48	63	63
n03930313_430.JPEG	0	23	36	43
n03930313_171.JPEG	0	1	63	63
n03930313_382.JPEG	0	40	63	51
n03930313_322.JPEG	0	1	63	63
n03930313_38.JPEG	0	41	63	63
n03930313_332.JPEG	0	1	63	63
n03930313_471.JPEG	0	19	63	63
n04118538_134.JPEG	35	29	44	35
n04118538_98.JPEG	37	25	43	31
n04118538_283.JPEG	24	27	39	40
n04118538_397.JPEG	9	24	18	32
n04118538_357.JPEG	33	41	38	48
n04118538_89.JPEG	18	58	55	63
n04118538_491.JPEG	6	42	13	49
n04118538_209.JPEG	0	34	8	46
n04118538_380.JPEG	51	29	57	35
n04118538_327.JPEG	51	23	59	30
n04118538_415.JPEG	17	57	26	63
n04118538_204.JPEG	20	47	30	54
n04118538_55.JPEG	0	44	0	51
n04118538_122.JPEG	23	38	28	42
n04118538_498.JPEG	10	43	17	50
n04118538_313.JPEG	25	49	33	57
n04118538_97.JPEG	16	45	28	55
n04118538_247.JPEG	17	23	25	30
n04118538_294.JPEG	37	19	43	26
n04118538_184.JPEG	32	17	40	29
n04118538_311.JPEG	12	16	21	27
n04118538_430.JPEG	0	37	0	49
n04118538_198.JPEG	29	28	40	36
n04118538_416.JPEG	16	14	25	21
n04118538_176.JPEG	0	6	8	13
n04179913_305.JPEG	13	0	53	58
n04179913_119.JPEG	0	1	63	63
n04179913_163.JPEG	0	1	63	63
n04179913_87.JPEG	16	10	31	23
n04179913_366.JPEG	15	2	59	30
n04179913_179.JPEG	0	1	63	63
n04179913_191.JPEG	3	1	63	52
n04179913_36.JPEG	0	1	63	63
n04179913_272.JPEG	10	26	25	55
n04179913_247.JPEG	0	1	32	50
n04179913_197.JPEG	0	12	63	63
n04179913_358.JPEG	1	0	37	63
n04179913_224.JPEG	8	22	51	62
n04179913_493.JPEG	6	1	63	63
n04179913_462.JPEG	0	0	63	63
n04179913_242.JPEG	0	0	63	63
n04179913_97.JPEG	0	1	63	63
n04179913_238.JPEG	0	1	63	63
n04179913_43.JPEG	0	31	26	55
n04179913_233.JPEG	12	16	49	43
n04179913_201.JPEG	3	5	63	44
n04179913_171.JPEG	0	1	63	63
n04179913_210.JPEG	0	0	63	63
n04179913_32.JPEG	17	24	36	40
n04179913_277.JPEG	20	10	52	33
