n04311004_306.JPEG	0	1	63	63
n04311004_84.JPEG	40	26	63	46
n04311004_470.JPEG	7	8	63	53
n04311004_149.JPEG	0	4	63	36
n04311004_198.JPEG	0	14	63	63
n04311004_127.JPEG	0	1	63	56
n04311004_476.JPEG	0	16	35	38
n04311004_420.JPEG	1	0	63	63
n04311004_40.JPEG	0	22	63	45
n04311004_147.JPEG	0	18	63	49
n04311004_76.JPEG	17	26	63	51
n04311004_35.JPEG	3	4	63	54
n04311004_12.JPEG	0	7	62	44
n04311004_55.JPEG	0	1	63	57
n04311004_270.JPEG	0	0	63	34
n04311004_220.JPEG	8	31	63	53
n04311004_111.JPEG	0	4	63	63
n04311004_73.JPEG	0	6	63	59
n04311004_190.JPEG	7	23	62	56
n04311004_11.JPEG	0	28	63	48
n04311004_347.JPEG	2	28	63	48
n04311004_445.JPEG	0	10	63	30
n04311004_319.JPEG	0	26	63	40
n04311004_156.JPEG	0	15	63	39
n04311004_199.JPEG	9	17	52	57
n02123394_267.JPEG	10	1	60	60
n02123394_414.JPEG	2	2	63	63
n02123394_395.JPEG	0	1	63	63
n02123394_249.JPEG	10	1	63	62
n02123394_434.JPEG	10	18	63	63
n02123394_88.JPEG	0	1	63	63
n02123394_243.JPEG	0	0	63	63
n02123394_106.JPEG	0	13	63	63
n02123394_423.JPEG	1	0	63	63
n02123394_488.JPEG	10	1	55	63
n02123394_46.JPEG	29	7	63	51
n02123394_445.JPEG	0	2	63	60
n02123394_258.JPEG	0	14	63	57
n02123394_282.JPEG	1	1	63	63
n02123394_43.JPEG	55	9	63	57
n02123394_374.JPEG	0	0	60	63
n02123394_113.JPEG	0	3	63	63
n02123394_269.JPEG	0	4	63	59
n02123394_390.JPEG	3	5	59	43
n02123394_207.JPEG	0	5	30	63
n02123394_378.JPEG	5	26	39	54
n02123394_105.JPEG	0	3	62	63
n02123394_42.JPEG	0	0	63	63
n02123394_335.JPEG	0	1	63	63
n02123394_204.JPEG	0	11	63	50
n04070727_34.JPEG	3	1	63	63
n04070727_211.JPEG	1	0	63	63
n04070727_174.JPEG	0	0	63	63
n04070727_299.JPEG	10	0	54	63
n04070727_116.JPEG	0	0	56	63
n04070727_1.JPEG	0	0	63	63
n04070727_218.JPEG	1	0	63	63
n04070727_167.JPEG	24	10	57	63
n04070727_18.JPEG	0	0	63	63
n04070727_290.JPEG	0	14	41	63
n04070727_381.JPEG	0	35	63	63
n04070727_263.JPEG	6	0	63	63
n04070727_208.JPEG	0	0	63	63
n04070727_268.JPEG	1	3	43	63
n04070727_285.JPEG	0	0	63	63
n04070727_228.JPEG	6	0	54	63
n04070727_439.JPEG	3	24	53	63
n04070727_438.JPEG	0	0	63	63
n04070727_288.JPEG	6	8	57	63
n04070727_69.JPEG	0	1	35	53
n04070727_421.JPEG	16	15	42	63
n04070727_483.JPEG	24	33	63	61
n04070727_169.JPEG	12	9	43	63
n04070727_260.JPEG	0	0	63	63
n04070727_297.JPEG	0	0	63	63
n02793495_205.JPEG	0	7	63	52
n02793495_402.JPEG	11	32	63	55
n02793495_446.JPEG	0	26	42	46
n02793495_231.JPEG	27	36	63	56
n02793495_81.JPEG	17	39	45	52
n02793495_19.JPEG	0	5	51	63
n02793495_39.JPEG	1	7	58	51
n02793495_69.JPEG	0	7	59	57
n02793495_209.JPEG	0	30	26	54
n02793495_406.JPEG	41	24	60	37
n02793495_224.JPEG	9	16	63	63
n02793495_425.JPEG	0	19	63	47
n02793495_262.JPEG	34	12	63	41
n02793495_410.JPEG	28	19	63	41
n02793495_233.JPEG	11	8	62	53
n02793495_417.JPEG	0	13	63	51
n02793495_154.JPEG	0	7	38	27
n02793495_461.JPEG	33	30	59	44
n02793495_257.JPEG	4	16	63	51
n02793495_340.JPEG	0	24	41	48
n02793495_91.JPEG	1	7	63	39
n02793495_342.JPEG	28	28	43	34
n02793495_95.JPEG	16	18	60	52
n02793495_382.JPEG	0	15	63	45
n02793495_261.JPEG	0	16	35	45
n02730930_70.JPEG	11	0	55	63
n02730930_203.JPEG	0	0	48	63
n02730930_340.JPEG	24	26	46	60
n02730930_205.JPEG	16	2	51	63
n02730930_422.JPEG	22	4	47	61
n02730930_260.JPEG	0	0	63	63
n02730930_233.JPEG	17	15	50	63
n02730930_339.JPEG	0	1	63	63
n02730930_388.JPEG	18	35	50	63
n02730930_168.JPEG	0	0	63	63
n02730930_372.JPEG	9	28	51	63
n02730930_313.JPEG	3	0	63	63
n02730930_393.JPEG	14	0	63	63
n02730930_450.JPEG	0	0	63	62
n02730930_282.JPEG	26	18	59	63
n02730930_369.JPEG	11	10	37	63
n02730930_2.JPEG	30	24	45	42
n02730930_469.JPEG	17	1	63	63
n02730930_406.JPEG	0	0	63	63
n02730930_328.JPEG	7	15	57	63
n02730930_105.JPEG	0	0	63	63
n02730930_346.JPEG	16	7	47	63
n02730930_62.JPEG	21	0	62	63
n02730930_74.JPEG	0	0	63	63
n02730930_361.JPEG	13	0	47	63
n02094433_362.JPEG	0	0	55	63
n02094433_140.JPEG	19	15	63	63
n02094433_111.JPEG	34	11	63	55
n02094433_367.JPEG	12	10	49	63
n02094433_11.JPEG	12	30	35	48
n02094433_37.JPEG	2	0	58	63
n02094433_463.JPEG	42	21	63	52
n02094433_395.JPEG	6	0	63	63
n02094433_236.JPEG	0	0	63	63
n02094433_487.JPEG	6	12	63	63
n02094433_285.JPEG	3	16	24	63
n02094433_43.JPEG	28	6	58	52
n02094433_127.JPEG	0	12	63	63
n02094433_297.JPEG	0	10	59	51
n02094433_19.JPEG	0	1	55	63
n02094433_122.JPEG	8	7	63	57
n02094433_476.JPEG	11	2	56	63
n02094433_278.JPEG	0	0	63	63
n02094433_459.JPEG	0	7	30	58
n02094433_296.JPEG	27	1	53	35
n02094433_26.JPEG	20	1	63	45
n02094433_298.JPEG	1	0	63	63
n02094433_323.JPEG	12	9	61	46
n02094433_329.JPEG	1	0	63	63
n02094433_206.JPEG	0	0	49	47
n04371430_238.JPEG	23	35	32	41
n04371430_224.JPEG	18	38	46	60
n04371430_316.JPEG	29	47	45	55
n04371430_148.JPEG	9	47	27	63
n04371430_302.JPEG	13	13	46	33
n04371430_213.JPEG	30	35	49	55
n04371430_387.JPEG	2	0	63	63
n04371430_449.JPEG	17	43	47	63
n04371430_56.JPEG	20	37	41	53
n04371430_9.JPEG	21	29	34	45
n04371430_121.JPEG	28	34	40	43
n04371430_398.JPEG	0	4	63	63
n04371430_464.JPEG	38	58	60	63
n04371430_396.JPEG	17	37	36	56
n04371430_119.JPEG	15	63	51	63
n04371430_7.JPEG	9	30	21	39
n04371430_420.JPEG	63	50	63	60
n04371430_188.JPEG	0	10	63	63
n04371430_110.JPEG	48	34	61	57
n04371430_137.JPEG	27	55	49	63
n04371430_189.JPEG	26	54	48	63
n04371430_171.JPEG	19	16	45	33
n04371430_98.JPEG	20	32	37	41
n04371430_190.JPEG	30	28	42	38
n04371430_303.JPEG	8	13	63	44
n04328186_341.JPEG	12	17	63	63
n04328186_416.JPEG	21	6	49	46
n04328186_332.JPEG	46	46	53	51
n04328186_164.JPEG	0	1	63	59
n04328186_269.JPEG	0	6	63	63
n04328186_279.JPEG	21	42	39	63
n04328186_46.JPEG	13	0	62	47
n04328186_146.JPEG	5	6	57	63
n04328186_218.JPEG	3	11	63	63
n04328186_458.JPEG	0	1	63	63
n04328186_152.JPEG	0	1	61	50
n04328186_116.JPEG	36	40	63	62
n04328186_138.JPEG	19	16	27	24
n04328186_79.JPEG	1	0	62	63
n04328186_11.JPEG	7	4	57	63
n04328186_207.JPEG	0	16	38	54
n04328186_407.JPEG	22	16	44	58
n04328186_58.JPEG	5	0	60	63
n04328186_337.JPEG	1	1	63	63
n04328186_455.JPEG	0	8	63	63
n04328186_24.JPEG	12	0	44	23
n04328186_250.JPEG	7	5	54	63
n04328186_81.JPEG	28	38	41	55
n04328186_291.JPEG	8	0	56	63
n04328186_57.JPEG	5	5	59	59
n03649909_282.JPEG	5	31	34	50
n03649909_498.JPEG	0	9	63	63
n03649909_477.JPEG	0	11	58	63
n03649909_168.JPEG	28	25	36	34
n03649909_233.JPEG	9	38	42	58
n03649909_435.JPEG	13	1	41	39
n03649909_242.JPEG	38	33	54	41
n03649909_223.JPEG	0	0	63	61
n03649909_318.JPEG	23	16	53	63
n03649909_483.JPEG	16	18	63	56
n03649909_434.JPEG	11	22	54	54
n03649909_330.JPEG	0	5	63	53
n03649909_71.JPEG	0	0	63	63
n03649909_159.JPEG	0	6	52	62
n03649909_133.JPEG	0	2	63	63
n03649909_491.JPEG	24	23	36	36
n03649909_47.JPEG	0	13	63	62
n03649909_87.JPEG	0	0	63	54
n03649909_486.JPEG	14	13	48	41
n03649909_273.JPEG	0	5	63	53
n03649909_459.JPEG	16	35	59	63
n03649909_176.JPEG	13	8	51	60
n03649909_264.JPEG	1	2	63	62
n03649909_328.JPEG	0	0	63	63
n03649909_345.JPEG	7	35	30	55
n04417672_148.JPEG	15	0	63	37
n04417672_288.JPEG	17	20	63	56
n04417672_434.JPEG	0	23	63	63
n04417672_442.JPEG	0	0	63	63
n04417672_215.JPEG	0	31	63	53
n04417672_100.JPEG	0	7	63	63
n04417672_258.JPEG	0	0	63	63
n04417672_432.JPEG	0	0	63	43
n04417672_104.JPEG	8	7	63	41
n04417672_359.JPEG	0	14	63	63
n04417672_352.JPEG	0	17	63	39
n04417672_179.JPEG	0	0	60	42
n04417672_360.JPEG	1	16	63	49
n04417672_30.JPEG	0	0	63	63
n04417672_436.JPEG	0	0	63	27
n04417672_276.JPEG	21	8	61	46
n04417672_299.JPEG	0	1	63	35
n04417672_168.JPEG	0	1	63	19
n04417672_324.JPEG	0	0	63	41
n04417672_207.JPEG	0	16	63	63
n04417672_322.JPEG	0	0	63	58
n04417672_154.JPEG	37	16	63	26
n04417672_8.JPEG	0	0	63	37
n04417672_326.JPEG	0	8	59	63
n04417672_151.JPEG	0	0	63	63
