n01698640_319.JPEG	0	19	62	42
n01698640_262.JPEG	0	0	63	63
n01698640_66.JPEG	0	13	63	63
n01698640_365.JPEG	0	16	63	43
n01698640_377.JPEG	0	5	63	53
n01698640_433.JPEG	0	31	54	39
n01698640_282.JPEG	0	20	63	50
n01698640_218.JPEG	0	23	63	42
n01698640_116.JPEG	30	36	50	51
n01698640_278.JPEG	0	45	39	59
n01698640_328.JPEG	0	24	63	34
n01698640_264.JPEG	0	16	63	63
n01698640_444.JPEG	0	31	63	62
n01698640_456.JPEG	0	18	62	63
n01698640_470.JPEG	19	23	58	63
n01698640_243.JPEG	1	25	63	46
n01698640_451.JPEG	0	21	63	51
n01698640_345.JPEG	3	31	47	53
n01698640_439.JPEG	0	10	63	45
n01698640_136.JPEG	0	24	63	47
n01698640_476.JPEG	0	20	63	40
n01698640_293.JPEG	0	10	63	62
n01698640_261.JPEG	36	22	48	30
n01698640_362.JPEG	1	33	63	63
n01698640_247.JPEG	0	1	63	63
n01784675_111.JPEG	3	24	61	45
n01784675_496.JPEG	0	18	63	49
n01784675_326.JPEG	3	27	44	36
n01784675_213.JPEG	3	11	63	58
n01784675_223.JPEG	0	27	63	63
n01784675_142.JPEG	0	7	63	58
n01784675_442.JPEG	0	4	63	63
n01784675_473.JPEG	0	13	63	63
n01784675_336.JPEG	0	14	63	53
n01784675_417.JPEG	2	17	63	60
n01784675_7.JPEG	1	17	62	49
n01784675_81.JPEG	22	35	59	50
n01784675_356.JPEG	21	13	49	36
n01784675_182.JPEG	0	4	63	44
n01784675_27.JPEG	0	1	63	55
n01784675_132.JPEG	0	16	60	56
n01784675_126.JPEG	9	15	63	49
n01784675_153.JPEG	0	16	63	41
n01784675_470.JPEG	1	2	63	62
n01784675_73.JPEG	10	12	63	56
n01784675_125.JPEG	38	21	57	53
n01784675_289.JPEG	11	0	58	63
n01784675_109.JPEG	0	5	63	53
n01784675_490.JPEG	1	0	51	63
n01784675_39.JPEG	0	2	63	59
n04376876_101.JPEG	42	0	63	9
n04376876_347.JPEG	21	4	48	36
n04376876_201.JPEG	18	0	41	54
n04376876_105.JPEG	27	16	37	63
n04376876_235.JPEG	10	30	51	43
n04376876_332.JPEG	33	30	62	46
n04376876_204.JPEG	0	9	63	40
n04376876_162.JPEG	28	19	38	27
n04376876_276.JPEG	20	16	29	37
n04376876_473.JPEG	0	3	38	44
n04376876_268.JPEG	16	33	43	37
n04376876_262.JPEG	4	0	63	48
n04376876_260.JPEG	12	13	63	49
n04376876_414.JPEG	27	30	63	50
n04376876_188.JPEG	0	21	62	37
n04376876_427.JPEG	1	2	63	58
n04376876_286.JPEG	9	19	42	25
n04376876_254.JPEG	0	18	63	32
n04376876_60.JPEG	41	16	63	31
n04376876_68.JPEG	1	0	57	50
n04376876_120.JPEG	0	16	63	56
n04376876_217.JPEG	14	5	39	43
n04376876_8.JPEG	32	6	42	63
n04376876_307.JPEG	8	20	63	42
n04376876_16.JPEG	18	0	33	50
n03444034_147.JPEG	0	36	47	60
n03444034_39.JPEG	0	2	63	63
n03444034_234.JPEG	1	22	60	54
n03444034_135.JPEG	15	31	54	61
n03444034_114.JPEG	7	38	60	58
n03444034_415.JPEG	0	21	32	47
n03444034_123.JPEG	0	0	62	63
n03444034_212.JPEG	24	30	47	41
n03444034_163.JPEG	0	21	63	52
n03444034_441.JPEG	5	12	63	63
n03444034_228.JPEG	0	31	63	59
n03444034_354.JPEG	0	23	63	63
n03444034_274.JPEG	3	2	63	63
n03444034_419.JPEG	3	24	63	49
n03444034_346.JPEG	5	27	62	49
n03444034_149.JPEG	0	27	62	48
n03444034_169.JPEG	0	0	63	63
n03444034_476.JPEG	6	29	59	46
n03444034_357.JPEG	0	30	63	63
n03444034_115.JPEG	0	11	63	55
n03444034_210.JPEG	0	28	63	63
n03444034_471.JPEG	0	22	48	42
n03444034_170.JPEG	0	17	63	56
n03444034_44.JPEG	2	2	61	62
n03444034_127.JPEG	0	27	33	43
n01917289_11.JPEG	0	1	63	63
n01917289_301.JPEG	0	4	63	63
n01917289_279.JPEG	0	13	63	63
n01917289_450.JPEG	4	13	61	54
n01917289_492.JPEG	0	0	63	63
n01917289_123.JPEG	0	0	63	63
n01917289_232.JPEG	1	9	45	62
n01917289_264.JPEG	38	17	61	38
n01917289_163.JPEG	0	6	52	57
n01917289_449.JPEG	1	11	63	59
n01917289_243.JPEG	0	5	59	55
n01917289_297.JPEG	14	11	50	56
n01917289_140.JPEG	0	1	63	63
n01917289_13.JPEG	0	2	63	63
n01917289_331.JPEG	0	14	44	57
n01917289_55.JPEG	17	13	49	37
n01917289_46.JPEG	1	1	58	60
n01917289_257.JPEG	9	14	63	63
n01917289_487.JPEG	11	23	43	52
n01917289_286.JPEG	0	0	63	63
n01917289_493.JPEG	1	3	63	61
n01917289_267.JPEG	0	6	63	63
n01917289_350.JPEG	6	1	63	63
n01917289_212.JPEG	0	0	63	48
n01917289_159.JPEG	2	9	62	61
n01950731_485.JPEG	0	4	55	63
n01950731_148.JPEG	24	11	48	46
n01950731_304.JPEG	0	11	63	53
n01950731_412.JPEG	0	5	63	58
n01950731_364.JPEG	0	9	63	49
n01950731_87.JPEG	0	14	63	53
n01950731_453.JPEG	10	4	61	62
n01950731_136.JPEG	16	12	46	51
n01950731_162.JPEG	15	19	47	49
n01950731_367.JPEG	0	1	63	63
n01950731_3.JPEG	18	0	63	63
n01950731_47.JPEG	15	6	63	52
n01950731_303.JPEG	18	21	39	36
n01950731_422.JPEG	2	0	61	63
n01950731_270.JPEG	0	5	63	61
n01950731_307.JPEG	14	0	52	63
n01950731_154.JPEG	0	6	63	61
n01950731_62.JPEG	0	4	63	62
n01950731_138.JPEG	5	7	60	58
n01950731_387.JPEG	17	10	55	48
n01950731_438.JPEG	13	33	32	60
n01950731_185.JPEG	0	11	63	60
n01950731_173.JPEG	2	0	62	44
n01950731_208.JPEG	3	2	58	58
n01950731_6.JPEG	0	8	50	52
n03042490_382.JPEG	0	1	63	63
n03042490_261.JPEG	0	1	63	63
n03042490_275.JPEG	0	36	45	63
n03042490_488.JPEG	22	23	41	37
n03042490_8.JPEG	0	0	63	22
n03042490_242.JPEG	6	0	63	63
n03042490_292.JPEG	0	20	63	44
n03042490_360.JPEG	0	0	63	63
n03042490_218.JPEG	9	38	52	47
n03042490_135.JPEG	0	0	42	63
n03042490_437.JPEG	0	0	63	63
n03042490_193.JPEG	0	1	63	63
n03042490_98.JPEG	0	33	56	52
n03042490_369.JPEG	0	20	63	54
n03042490_350.JPEG	0	1	63	63
n03042490_209.JPEG	0	0	63	63
n03042490_474.JPEG	0	0	63	63
n03042490_204.JPEG	0	20	63	47
n03042490_155.JPEG	30	33	34	40
n03042490_293.JPEG	0	1	63	48
n03042490_149.JPEG	0	14	63	47
n03042490_263.JPEG	0	1	63	63
n03042490_461.JPEG	0	28	63	52
n03042490_329.JPEG	0	1	63	54
n03042490_316.JPEG	0	0	63	63
n07711569_123.JPEG	1	24	36	59
n07711569_233.JPEG	0	5	36	31
n07711569_475.JPEG	5	18	63	58
n07711569_458.JPEG	36	14	63	52
n07711569_129.JPEG	2	4	62	62
n07711569_340.JPEG	32	8	63	28
n07711569_88.JPEG	0	2	60	53
n07711569_350.JPEG	8	10	63	63
n07711569_215.JPEG	0	0	63	63
n07711569_425.JPEG	0	0	43	28
n07711569_491.JPEG	16	27	39	48
n07711569_187.JPEG	0	8	36	42
n07711569_308.JPEG	3	3	60	44
n07711569_265.JPEG	6	21	27	41
n07711569_217.JPEG	0	11	22	32
n07711569_408.JPEG	0	0	63	63
n07711569_462.JPEG	0	2	56	57
n07711569_379.JPEG	33	21	63	63
n07711569_326.JPEG	33	33	63	63
n07711569_299.JPEG	7	13	55	63
n07711569_409.JPEG	0	8	46	45
n07711569_311.JPEG	0	16	33	42
n07711569_108.JPEG	0	5	41	28
n07711569_240.JPEG	13	0	63	50
n07711569_76.JPEG	0	20	41	63
n04532670_33.JPEG	0	17	63	57
n04532670_455.JPEG	0	40	63	53
n04532670_305.JPEG	7	1	63	54
n04532670_439.JPEG	0	1	63	59
n04532670_269.JPEG	0	28	60	55
n04532670_195.JPEG	5	20	63	39
n04532670_418.JPEG	0	11	63	34
n04532670_102.JPEG	0	31	63	40
n04532670_365.JPEG	0	14	60	50
n04532670_356.JPEG	0	17	63	63
n04532670_57.JPEG	0	25	63	32
n04532670_328.JPEG	0	13	46	34
n04532670_452.JPEG	0	2	63	41
n04532670_331.JPEG	3	1	63	63
n04532670_436.JPEG	0	14	63	63
n04532670_481.JPEG	0	41	63	49
n04532670_22.JPEG	0	1	63	63
n04532670_31.JPEG	11	43	41	49
n04532670_151.JPEG	6	4	63	52
n04532670_376.JPEG	0	26	63	46
n04532670_346.JPEG	0	31	63	53
n04532670_468.JPEG	1	34	49	40
n04532670_386.JPEG	1	9	63	63
n04532670_229.JPEG	0	1	63	61
n04532670_462.JPEG	0	3	63	61
n03763968_115.JPEG	0	0	63	63
n03763968_358.JPEG	1	30	63	63
n03763968_171.JPEG	21	8	44	29
n03763968_423.JPEG	11	0	63	63
n03763968_220.JPEG	5	19	63	63
n03763968_465.JPEG	25	0	53	63
n03763968_297.JPEG	35	13	54	63
n03763968_36.JPEG	17	29	60	63
n03763968_174.JPEG	0	0	63	63
n03763968_280.JPEG	9	15	48	63
n03763968_161.JPEG	27	0	63	63
n03763968_496.JPEG	0	3	63	63
n03763968_396.JPEG	3	7	63	63
n03763968_335.JPEG	0	15	31	63
n03763968_3.JPEG	12	0	36	34
n03763968_486.JPEG	0	17	15	63
n03763968_415.JPEG	38	20	62	63
n03763968_430.JPEG	0	20	63	63
n03763968_138.JPEG	4	0	43	63
n03763968_82.JPEG	19	7	63	63
n03763968_420.JPEG	26	1	63	63
n03763968_80.JPEG	4	0	61	63
n03763968_49.JPEG	33	0	63	34
n03763968_289.JPEG	0	27	24	47
n03763968_223.JPEG	0	36	36	63
