n02226429_193.JPEG	11	13	63	63
n02226429_408.JPEG	25	25	41	36
n02226429_302.JPEG	15	0	54	61
n02226429_318.JPEG	28	14	61	63
n02226429_357.JPEG	0	2	63	57
n02226429_462.JPEG	10	3	45	42
n02226429_360.JPEG	6	10	57	45
n02226429_470.JPEG	18	10	63	57
n02226429_65.JPEG	13	16	40	47
n02226429_293.JPEG	11	5	63	61
n02226429_387.JPEG	32	5	62	58
n02226429_187.JPEG	30	25	50	48
n02226429_13.JPEG	7	19	63	52
n02226429_482.JPEG	0	0	63	63
n02226429_15.JPEG	0	7	50	50
n02226429_488.JPEG	16	12	50	39
n02226429_132.JPEG	0	1	53	63
n02226429_494.JPEG	14	20	50	40
n02226429_395.JPEG	0	2	63	63
n02226429_195.JPEG	12	20	39	54
n02226429_400.JPEG	0	13	59	56
n02226429_265.JPEG	0	11	63	63
n02226429_473.JPEG	0	2	61	59
n02226429_109.JPEG	0	10	56	61
n02226429_196.JPEG	12	13	55	57
n02231487_0.JPEG	0	18	53	55
n02231487_245.JPEG	10	18	58	53
n02231487_266.JPEG	0	10	63	55
n02231487_83.JPEG	4	10	51	63
n02231487_22.JPEG	0	0	63	63
n02231487_165.JPEG	11	5	49	63
n02231487_479.JPEG	28	0	44	63
n02231487_32.JPEG	0	13	49	59
n02231487_308.JPEG	0	9	27	50
n02231487_302.JPEG	1	0	63	58
n02231487_192.JPEG	9	4	63	63
n02231487_337.JPEG	0	13	63	60
n02231487_80.JPEG	17	0	44	62
n02231487_267.JPEG	20	30	35	61
n02231487_20.JPEG	0	19	63	55
n02231487_158.JPEG	0	11	63	63
n02231487_134.JPEG	0	14	63	40
n02231487_284.JPEG	26	22	57	57
n02231487_384.JPEG	10	1	49	61
n02231487_418.JPEG	0	4	63	61
n02231487_481.JPEG	0	1	63	63
n02231487_214.JPEG	0	0	63	63
n02231487_298.JPEG	2	5	58	58
n02231487_220.JPEG	13	3	53	60
n02231487_357.JPEG	0	0	63	61
n02085620_235.JPEG	0	0	62	62
n02085620_459.JPEG	0	1	63	63
n02085620_223.JPEG	0	3	63	63
n02085620_184.JPEG	0	0	63	55
n02085620_145.JPEG	0	4	63	57
n02085620_293.JPEG	0	1	54	60
n02085620_111.JPEG	6	5	60	63
n02085620_165.JPEG	19	18	50	34
n02085620_91.JPEG	5	0	57	63
n02085620_51.JPEG	4	0	52	63
n02085620_390.JPEG	0	8	63	60
n02085620_270.JPEG	13	0	63	63
n02085620_18.JPEG	8	0	56	63
n02085620_457.JPEG	0	1	63	63
n02085620_330.JPEG	0	7	63	63
n02085620_199.JPEG	5	0	61	63
n02085620_150.JPEG	32	4	63	53
n02085620_32.JPEG	0	0	61	54
n02085620_155.JPEG	3	3	63	62
n02085620_217.JPEG	0	24	63	59
n02085620_132.JPEG	0	3	63	52
n02085620_225.JPEG	1	4	52	63
n02085620_136.JPEG	1	0	57	62
n02085620_179.JPEG	23	10	46	44
n02085620_37.JPEG	12	6	53	63
n01644900_413.JPEG	14	0	57	63
n01644900_208.JPEG	3	6	63	57
n01644900_422.JPEG	0	3	63	63
n01644900_219.JPEG	29	18	63	59
n01644900_365.JPEG	22	22	63	61
n01644900_421.JPEG	2	9	63	60
n01644900_159.JPEG	11	22	61	45
n01644900_355.JPEG	0	7	63	59
n01644900_142.JPEG	0	15	61	53
n01644900_210.JPEG	10	3	48	46
n01644900_174.JPEG	0	10	61	59
n01644900_263.JPEG	0	5	63	60
n01644900_128.JPEG	0	12	61	57
n01644900_230.JPEG	15	26	53	48
n01644900_60.JPEG	0	4	63	54
n01644900_157.JPEG	0	7	59	63
n01644900_190.JPEG	0	25	32	54
n01644900_411.JPEG	2	1	63	63
n01644900_248.JPEG	0	8	63	61
n01644900_195.JPEG	12	20	50	44
n01644900_282.JPEG	0	4	63	61
n01644900_66.JPEG	11	11	57	60
n01644900_496.JPEG	17	25	47	47
n01644900_314.JPEG	0	1	63	59
n01644900_290.JPEG	2	11	63	60
n02129165_298.JPEG	0	5	50	61
n02129165_92.JPEG	0	17	63	54
n02129165_251.JPEG	7	0	52	56
n02129165_155.JPEG	0	15	63	52
n02129165_259.JPEG	0	0	61	63
n02129165_60.JPEG	0	12	46	54
n02129165_29.JPEG	41	27	63	55
n02129165_325.JPEG	1	0	63	63
n02129165_466.JPEG	0	6	55	63
n02129165_448.JPEG	0	11	60	58
n02129165_374.JPEG	19	30	51	44
n02129165_202.JPEG	1	0	63	63
n02129165_95.JPEG	3	8	63	63
n02129165_326.JPEG	0	8	63	63
n02129165_138.JPEG	0	11	41	63
n02129165_313.JPEG	41	11	63	63
n02129165_105.JPEG	6	0	63	63
n02129165_111.JPEG	5	5	63	63
n02129165_444.JPEG	14	7	63	52
n02129165_405.JPEG	0	0	60	63
n02129165_280.JPEG	0	3	59	63
n02129165_389.JPEG	0	5	56	62
n02129165_368.JPEG	6	15	61	63
n02129165_487.JPEG	23	12	51	62
n02129165_130.JPEG	2	5	63	63
n02699494_258.JPEG	24	18	37	39
n02699494_28.JPEG	0	0	63	63
n02699494_280.JPEG	28	53	39	58
n02699494_486.JPEG	0	0	63	62
n02699494_42.JPEG	1	8	63	63
n02699494_228.JPEG	0	40	55	63
n02699494_36.JPEG	26	28	38	49
n02699494_272.JPEG	6	54	58	63
n02699494_67.JPEG	35	63	63	63
n02699494_471.JPEG	10	42	63	63
n02699494_330.JPEG	23	62	42	63
n02699494_123.JPEG	4	0	61	63
n02699494_469.JPEG	6	0	51	63
n02699494_302.JPEG	22	49	63	63
n02699494_266.JPEG	2	41	63	63
n02699494_353.JPEG	14	47	50	58
n02699494_195.JPEG	0	0	63	63
n02699494_65.JPEG	29	0	39	3
n02699494_132.JPEG	14	33	34	46
n02699494_374.JPEG	14	42	47	58
n02699494_312.JPEG	0	16	63	52
n02699494_50.JPEG	13	11	49	45
n02699494_186.JPEG	1	6	61	63
n02699494_165.JPEG	10	63	52	63
n02699494_249.JPEG	13	2	57	59
n03837869_350.JPEG	20	1	29	63
n03837869_307.JPEG	49	0	60	58
n03837869_6.JPEG	0	0	63	63
n03837869_51.JPEG	23	0	41	63
n03837869_385.JPEG	7	0	47	63
n03837869_467.JPEG	31	22	36	40
n03837869_102.JPEG	42	42	52	63
n03837869_456.JPEG	29	11	38	42
n03837869_123.JPEG	18	0	49	63
n03837869_145.JPEG	34	0	45	56
n03837869_425.JPEG	23	0	43	63
n03837869_147.JPEG	26	0	36	63
n03837869_14.JPEG	2	2	63	63
n03837869_19.JPEG	26	0	41	63
n03837869_380.JPEG	14	5	48	63
n03837869_322.JPEG	24	0	38	63
n03837869_391.JPEG	1	7	12	45
n03837869_108.JPEG	2	11	7	42
n03837869_389.JPEG	11	0	45	63
n03837869_493.JPEG	26	17	33	59
n03837869_63.JPEG	39	15	51	51
n03837869_283.JPEG	23	0	36	63
n03837869_215.JPEG	0	10	61	63
n03837869_266.JPEG	5	0	63	63
n03837869_344.JPEG	22	0	44	63
n02815834_184.JPEG	52	26	63	60
n02815834_42.JPEG	2	9	31	61
n02815834_481.JPEG	24	25	49	63
n02815834_190.JPEG	19	22	49	52
n02815834_288.JPEG	13	0	40	21
n02815834_230.JPEG	1	16	17	53
n02815834_192.JPEG	33	11	63	56
n02815834_469.JPEG	10	0	53	63
n02815834_202.JPEG	0	2	26	59
n02815834_378.JPEG	11	0	57	63
n02815834_443.JPEG	14	30	49	63
n02815834_417.JPEG	42	12	63	54
n02815834_44.JPEG	12	14	51	48
n02815834_108.JPEG	1	0	34	63
n02815834_221.JPEG	34	26	51	56
n02815834_375.JPEG	20	5	57	57
n02815834_194.JPEG	12	11	54	63
n02815834_148.JPEG	34	17	63	63
n02815834_438.JPEG	9	2	55	63
n02815834_41.JPEG	18	4	53	60
n02815834_170.JPEG	0	0	63	63
n02815834_306.JPEG	7	20	58	63
n02815834_269.JPEG	29	1	61	61
n02815834_169.JPEG	0	0	23	49
n02815834_359.JPEG	4	1	38	40
n07720875_201.JPEG	25	25	62	63
n07720875_292.JPEG	15	5	42	56
n07720875_128.JPEG	22	1	63	50
n07720875_336.JPEG	32	9	63	48
n07720875_73.JPEG	14	18	50	57
n07720875_117.JPEG	13	21	54	63
n07720875_224.JPEG	25	5	63	52
n07720875_72.JPEG	6	4	58	58
n07720875_335.JPEG	5	0	61	56
n07720875_417.JPEG	0	0	63	63
n07720875_463.JPEG	0	4	24	55
n07720875_61.JPEG	31	4	51	36
n07720875_258.JPEG	16	15	55	54
n07720875_190.JPEG	0	7	46	61
n07720875_104.JPEG	20	16	44	62
n07720875_159.JPEG	0	0	52	56
n07720875_166.JPEG	11	0	63	60
n07720875_18.JPEG	6	0	47	63
n07720875_206.JPEG	0	12	26	44
n07720875_52.JPEG	7	3	63	56
n07720875_420.JPEG	0	0	63	63
n07720875_251.JPEG	3	0	62	63
n07720875_67.JPEG	43	9	63	43
n07720875_438.JPEG	0	0	63	63
n07720875_109.JPEG	10	18	45	46
n02788148_391.JPEG	0	0	63	63
n02788148_224.JPEG	0	1	63	63
n02788148_56.JPEG	35	0	51	63
n02788148_40.JPEG	9	25	63	63
n02788148_256.JPEG	5	1	61	63
n02788148_368.JPEG	0	2	63	62
n02788148_243.JPEG	0	24	63	60
n02788148_308.JPEG	0	35	48	60
n02788148_71.JPEG	9	24	63	63
n02788148_414.JPEG	0	19	45	63
n02788148_14.JPEG	21	13	63	63
n02788148_70.JPEG	0	0	63	63
n02788148_259.JPEG	0	20	63	63
n02788148_223.JPEG	10	2	53	63
n02788148_136.JPEG	1	25	54	40
n02788148_364.JPEG	0	0	63	63
n02788148_39.JPEG	48	13	63	60
n02788148_82.JPEG	0	8	51	63
n02788148_383.JPEG	24	13	34	26
n02788148_172.JPEG	0	20	45	49
n02788148_493.JPEG	0	0	45	22
n02788148_9.JPEG	24	0	35	63
n02788148_42.JPEG	0	0	63	63
n02788148_177.JPEG	8	14	27	63
n02788148_453.JPEG	0	45	63	63
