n02909870_305.JPEG	3	7	59	55
n02909870_267.JPEG	0	25	28	53
n02909870_105.JPEG	3	13	61	62
n02909870_186.JPEG	11	0	61	63
n02909870_205.JPEG	9	13	50	47
n02909870_18.JPEG	14	58	28	63
n02909870_41.JPEG	0	3	63	62
n02909870_325.JPEG	23	33	48	59
n02909870_273.JPEG	11	5	46	49
n02909870_67.JPEG	28	28	53	46
n02909870_408.JPEG	0	1	63	63
n02909870_21.JPEG	24	26	35	41
n02909870_324.JPEG	4	38	36	63
n02909870_494.JPEG	39	14	63	47
n02909870_243.JPEG	21	8	48	35
n02909870_345.JPEG	11	21	24	32
n02909870_372.JPEG	6	0	59	63
n02909870_51.JPEG	21	30	54	63
n02909870_8.JPEG	20	36	58	63
n02909870_209.JPEG	10	8	46	62
n02909870_70.JPEG	4	0	59	63
n02909870_400.JPEG	9	18	49	63
n02909870_313.JPEG	5	5	57	57
n02909870_234.JPEG	11	4	56	62
n02909870_403.JPEG	10	11	54	51
n03706229_106.JPEG	5	11	60	63
n03706229_100.JPEG	22	10	63	59
n03706229_197.JPEG	0	17	41	63
n03706229_276.JPEG	15	7	54	45
n03706229_153.JPEG	22	25	44	58
n03706229_419.JPEG	0	7	63	50
n03706229_165.JPEG	23	20	41	41
n03706229_65.JPEG	15	26	43	54
n03706229_258.JPEG	3	27	63	63
n03706229_199.JPEG	0	11	63	51
n03706229_0.JPEG	0	9	59	54
n03706229_128.JPEG	2	12	63	56
n03706229_374.JPEG	0	14	63	63
n03706229_179.JPEG	26	5	63	47
n03706229_10.JPEG	0	1	63	61
n03706229_469.JPEG	24	28	41	46
n03706229_35.JPEG	29	18	63	63
n03706229_195.JPEG	6	14	60	48
n03706229_420.JPEG	0	4	63	59
n03706229_466.JPEG	22	33	59	63
n03706229_317.JPEG	3	4	61	62
n03706229_74.JPEG	1	12	62	54
n03706229_175.JPEG	12	9	50	47
n03706229_356.JPEG	8	6	58	60
n03706229_383.JPEG	10	3	54	63
n07871810_438.JPEG	28	2	63	58
n07871810_243.JPEG	0	8	63	62
n07871810_31.JPEG	0	4	63	44
n07871810_328.JPEG	2	15	47	56
n07871810_497.JPEG	2	9	62	54
n07871810_229.JPEG	39	17	63	52
n07871810_397.JPEG	5	23	54	44
n07871810_18.JPEG	7	31	40	63
n07871810_368.JPEG	0	6	61	52
n07871810_127.JPEG	15	24	43	38
n07871810_107.JPEG	42	23	63	43
n07871810_476.JPEG	1	0	48	49
n07871810_401.JPEG	0	0	63	51
n07871810_207.JPEG	10	29	49	58
n07871810_374.JPEG	0	15	63	54
n07871810_372.JPEG	29	20	63	60
n07871810_259.JPEG	0	9	47	40
n07871810_389.JPEG	0	9	62	53
n07871810_179.JPEG	0	24	63	63
n07871810_271.JPEG	0	26	48	63
n07871810_77.JPEG	1	26	59	63
n07871810_46.JPEG	0	17	63	63
n07871810_495.JPEG	22	10	58	63
n07871810_38.JPEG	0	0	63	47
n07871810_170.JPEG	0	7	63	55
n03447447_116.JPEG	28	27	63	63
n03447447_96.JPEG	0	10	63	54
n03447447_291.JPEG	1	53	23	63
n03447447_57.JPEG	0	7	38	54
n03447447_228.JPEG	0	9	63	60
n03447447_279.JPEG	0	13	63	53
n03447447_330.JPEG	0	22	0	45
n03447447_55.JPEG	0	32	63	50
n03447447_352.JPEG	40	39	51	51
n03447447_73.JPEG	12	0	62	63
n03447447_409.JPEG	0	25	63	62
n03447447_111.JPEG	41	29	63	62
n03447447_17.JPEG	17	33	32	41
n03447447_200.JPEG	0	27	63	61
n03447447_186.JPEG	1	47	63	63
n03447447_288.JPEG	24	25	47	44
n03447447_155.JPEG	7	18	53	55
n03447447_426.JPEG	0	17	42	63
n03447447_424.JPEG	0	0	63	63
n03447447_390.JPEG	2	33	63	52
n03447447_324.JPEG	62	38	63	57
n03447447_107.JPEG	0	18	15	57
n03447447_190.JPEG	32	50	63	62
n03447447_347.JPEG	1	9	63	63
n03447447_121.JPEG	14	34	45	47
n02113799_45.JPEG	0	1	63	63
n02113799_466.JPEG	19	23	46	63
n02113799_363.JPEG	31	0	63	63
n02113799_20.JPEG	0	0	42	63
n02113799_431.JPEG	0	4	63	61
n02113799_307.JPEG	54	30	63	54
n02113799_461.JPEG	27	25	43	44
n02113799_320.JPEG	8	1	63	52
n02113799_39.JPEG	23	13	43	57
n02113799_248.JPEG	8	2	41	62
n02113799_86.JPEG	0	24	20	55
n02113799_437.JPEG	9	0	52	63
n02113799_134.JPEG	0	1	53	63
n02113799_127.JPEG	0	0	63	63
n02113799_230.JPEG	8	3	53	60
n02113799_441.JPEG	3	5	47	63
n02113799_421.JPEG	0	0	63	63
n02113799_280.JPEG	5	0	63	63
n02113799_200.JPEG	0	3	57	63
n02113799_469.JPEG	0	1	38	58
n02113799_329.JPEG	0	13	63	54
n02113799_362.JPEG	0	27	58	61
n02113799_30.JPEG	0	0	63	61
n02113799_277.JPEG	20	4	45	63
n02113799_448.JPEG	1	7	14	20
n12267677_130.JPEG	27	24	37	35
n12267677_88.JPEG	12	19	49	62
n12267677_175.JPEG	24	12	43	34
n12267677_477.JPEG	38	13	62	44
n12267677_429.JPEG	28	27	43	40
n12267677_455.JPEG	19	19	61	43
n12267677_383.JPEG	45	18	63	51
n12267677_15.JPEG	41	26	48	33
n12267677_297.JPEG	15	28	51	52
n12267677_351.JPEG	42	22	56	36
n12267677_237.JPEG	35	32	47	45
n12267677_195.JPEG	25	20	46	41
n12267677_449.JPEG	43	33	58	45
n12267677_434.JPEG	16	11	51	46
n12267677_265.JPEG	25	17	50	42
n12267677_162.JPEG	7	4	55	53
n12267677_284.JPEG	11	27	32	48
n12267677_482.JPEG	24	17	35	29
n12267677_274.JPEG	12	16	15	19
n12267677_213.JPEG	14	28	43	59
n12267677_361.JPEG	18	15	42	54
n12267677_61.JPEG	28	3	39	14
n12267677_221.JPEG	24	33	41	45
n12267677_207.JPEG	23	23	37	36
n12267677_29.JPEG	45	23	61	39
n03662601_17.JPEG	0	26	55	56
n03662601_399.JPEG	10	0	57	63
n03662601_25.JPEG	20	8	55	41
n03662601_54.JPEG	0	19	63	51
n03662601_459.JPEG	0	6	63	58
n03662601_331.JPEG	0	11	63	52
n03662601_314.JPEG	16	14	63	48
n03662601_384.JPEG	11	0	63	63
n03662601_155.JPEG	0	31	63	61
n03662601_250.JPEG	16	11	47	46
n03662601_313.JPEG	15	27	43	51
n03662601_210.JPEG	14	7	52	45
n03662601_8.JPEG	0	15	63	51
n03662601_380.JPEG	0	0	61	42
n03662601_404.JPEG	9	1	63	49
n03662601_390.JPEG	8	24	56	50
n03662601_352.JPEG	0	24	60	47
n03662601_301.JPEG	0	26	42	52
n03662601_406.JPEG	0	37	27	54
n03662601_12.JPEG	5	10	52	41
n03662601_426.JPEG	3	1	59	62
n03662601_101.JPEG	0	14	63	44
n03662601_117.JPEG	0	26	63	53
n03662601_237.JPEG	0	28	37	51
n03662601_60.JPEG	0	10	63	53
n02841315_357.JPEG	41	18	63	30
n02841315_478.JPEG	30	17	53	40
n02841315_255.JPEG	4	2	62	63
n02841315_449.JPEG	0	22	63	63
n02841315_435.JPEG	14	8	54	35
n02841315_385.JPEG	8	14	63	63
n02841315_45.JPEG	24	21	33	25
n02841315_101.JPEG	26	4	63	63
n02841315_100.JPEG	7	18	57	41
n02841315_11.JPEG	0	0	63	63
n02841315_214.JPEG	39	21	45	29
n02841315_359.JPEG	47	22	63	36
n02841315_249.JPEG	0	17	23	26
n02841315_61.JPEG	22	22	27	25
n02841315_92.JPEG	26	18	41	25
n02841315_99.JPEG	0	1	63	60
n02841315_285.JPEG	3	0	62	25
n02841315_2.JPEG	0	19	59	63
n02841315_59.JPEG	0	18	24	63
n02841315_306.JPEG	15	3	59	45
n02841315_13.JPEG	26	11	63	63
n02841315_37.JPEG	8	26	63	63
n02841315_201.JPEG	12	15	46	55
n02841315_159.JPEG	36	18	61	49
n02841315_217.JPEG	0	9	63	58
n07715103_255.JPEG	2	1	63	49
n07715103_23.JPEG	20	25	46	51
n07715103_480.JPEG	9	14	50	53
n07715103_71.JPEG	0	0	7	52
n07715103_475.JPEG	20	5	63	49
n07715103_495.JPEG	7	7	54	50
n07715103_195.JPEG	16	12	51	49
n07715103_121.JPEG	12	33	47	63
n07715103_27.JPEG	0	1	63	63
n07715103_225.JPEG	11	0	53	63
n07715103_479.JPEG	7	18	35	47
n07715103_439.JPEG	0	36	44	63
n07715103_252.JPEG	4	19	61	63
n07715103_149.JPEG	8	2	57	55
n07715103_290.JPEG	0	0	15	22
n07715103_175.JPEG	0	0	63	63
n07715103_407.JPEG	0	1	63	60
n07715103_181.JPEG	15	10	54	53
n07715103_218.JPEG	5	7	57	60
n07715103_78.JPEG	0	21	63	63
n07715103_118.JPEG	8	0	55	38
n07715103_467.JPEG	4	2	63	62
n07715103_321.JPEG	23	35	44	58
n07715103_114.JPEG	15	16	51	44
n07715103_395.JPEG	0	3	63	63
n02504458_483.JPEG	35	2	63	63
n02504458_293.JPEG	4	0	63	63
n02504458_190.JPEG	0	6	63	61
n02504458_474.JPEG	15	21	57	54
n02504458_298.JPEG	22	25	63	61
n02504458_309.JPEG	17	23	63	56
n02504458_480.JPEG	12	26	28	43
n02504458_286.JPEG	9	28	61	59
n02504458_137.JPEG	0	5	63	58
n02504458_437.JPEG	0	7	60	59
n02504458_282.JPEG	7	1	46	62
n02504458_468.JPEG	0	1	40	46
n02504458_296.JPEG	0	1	63	63
n02504458_58.JPEG	15	14	63	63
n02504458_181.JPEG	2	25	31	50
n02504458_193.JPEG	17	16	59	62
n02504458_288.JPEG	8	5	60	63
n02504458_66.JPEG	1	31	30	61
n02504458_76.JPEG	11	4	51	60
n02504458_14.JPEG	3	11	62	59
n02504458_192.JPEG	1	3	61	63
n02504458_346.JPEG	2	15	51	48
n02504458_155.JPEG	0	0	63	63
n02504458_26.JPEG	0	20	22	61
n02504458_158.JPEG	0	1	63	63
