n03355925_432.JPEG	16	14	21	63
n03355925_330.JPEG	26	0	42	48
n03355925_458.JPEG	29	21	51	63
n03355925_232.JPEG	0	4	20	39
n03355925_461.JPEG	0	22	63	63
n03355925_224.JPEG	33	13	37	63
n03355925_84.JPEG	59	0	61	55
n03355925_68.JPEG	0	0	60	63
n03355925_446.JPEG	28	0	34	12
n03355925_130.JPEG	0	10	28	23
n03355925_150.JPEG	0	5	63	63
n03355925_37.JPEG	5	14	31	63
n03355925_267.JPEG	9	6	57	63
n03355925_82.JPEG	23	0	26	63
n03355925_246.JPEG	29	1	33	40
n03355925_49.JPEG	13	15	19	63
n03355925_460.JPEG	36	0	44	15
n03355925_78.JPEG	14	0	38	63
n03355925_435.JPEG	40	0	48	63
n03355925_71.JPEG	0	0	63	51
n03355925_22.JPEG	33	22	63	63
n03355925_113.JPEG	26	4	43	63
n03355925_258.JPEG	7	0	35	63
n03355925_456.JPEG	48	0	52	63
n03355925_323.JPEG	4	3	8	63
n01983481_416.JPEG	21	0	63	40
n01983481_454.JPEG	8	45	43	63
n01983481_436.JPEG	6	1	63	61
n01983481_463.JPEG	0	14	24	60
n01983481_230.JPEG	0	7	63	61
n01983481_3.JPEG	30	8	60	52
n01983481_389.JPEG	0	39	48	63
n01983481_319.JPEG	0	0	63	63
n01983481_164.JPEG	0	12	63	61
n01983481_299.JPEG	9	22	53	56
n01983481_440.JPEG	0	1	63	63
n01983481_236.JPEG	0	1	63	63
n01983481_406.JPEG	0	22	63	61
n01983481_381.JPEG	0	7	63	56
n01983481_7.JPEG	0	23	63	63
n01983481_54.JPEG	0	17	63	58
n01983481_474.JPEG	0	16	63	61
n01983481_206.JPEG	0	40	60	63
n01983481_157.JPEG	3	0	62	63
n01983481_80.JPEG	0	2	63	63
n01983481_423.JPEG	3	5	63	41
n01983481_337.JPEG	0	0	63	63
n01983481_41.JPEG	0	0	63	58
n01983481_187.JPEG	36	0	63	63
n01983481_347.JPEG	0	22	63	46
n04487081_488.JPEG	33	25	51	40
n04487081_452.JPEG	7	6	54	54
n04487081_217.JPEG	4	9	52	55
n04487081_363.JPEG	23	15	60	49
n04487081_85.JPEG	0	5	63	54
n04487081_470.JPEG	34	10	54	40
n04487081_478.JPEG	0	0	40	58
n04487081_124.JPEG	14	10	59	54
n04487081_88.JPEG	0	26	34	51
n04487081_417.JPEG	11	6	58	37
n04487081_142.JPEG	0	22	63	44
n04487081_433.JPEG	5	21	51	39
n04487081_22.JPEG	11	0	51	47
n04487081_197.JPEG	13	8	54	46
n04487081_255.JPEG	0	1	55	51
n04487081_97.JPEG	0	19	62	51
n04487081_234.JPEG	15	13	63	56
n04487081_340.JPEG	0	17	63	51
n04487081_370.JPEG	18	17	41	41
n04487081_430.JPEG	25	24	53	53
n04487081_270.JPEG	0	19	63	63
n04487081_29.JPEG	13	13	41	45
n04487081_346.JPEG	17	15	63	50
n04487081_497.JPEG	2	23	56	38
n04487081_372.JPEG	22	29	39	46
n03250847_177.JPEG	24	0	37	63
n03250847_148.JPEG	0	3	63	13
n03250847_494.JPEG	13	14	50	49
n03250847_401.JPEG	34	31	63	46
n03250847_242.JPEG	30	17	44	41
n03250847_142.JPEG	30	52	54	55
n03250847_284.JPEG	0	5	63	54
n03250847_254.JPEG	0	8	63	43
n03250847_60.JPEG	0	33	45	37
n03250847_176.JPEG	43	33	56	46
n03250847_322.JPEG	42	19	49	63
n03250847_82.JPEG	8	2	13	55
n03250847_124.JPEG	0	13	54	44
n03250847_186.JPEG	63	41	63	61
n03250847_161.JPEG	0	27	45	60
n03250847_34.JPEG	19	3	46	63
n03250847_210.JPEG	0	1	63	22
n03250847_438.JPEG	0	23	63	63
n03250847_147.JPEG	0	48	63	52
n03250847_493.JPEG	0	18	63	47
n03250847_39.JPEG	3	20	49	62
n03250847_216.JPEG	23	0	54	39
n03250847_63.JPEG	13	34	42	42
n03250847_482.JPEG	14	6	20	23
n03250847_22.JPEG	18	10	39	21
n03255030_35.JPEG	53	39	59	42
n03255030_135.JPEG	12	1	30	10
n03255030_105.JPEG	9	31	25	62
n03255030_146.JPEG	3	0	63	42
n03255030_299.JPEG	33	26	39	38
n03255030_45.JPEG	5	28	38	53
n03255030_178.JPEG	53	15	63	56
n03255030_357.JPEG	52	22	63	40
n03255030_420.JPEG	46	34	63	58
n03255030_215.JPEG	38	9	48	15
n03255030_440.JPEG	3	26	62	51
n03255030_313.JPEG	16	37	38	50
n03255030_433.JPEG	5	0	55	63
n03255030_220.JPEG	3	4	52	30
n03255030_91.JPEG	0	15	40	63
n03255030_95.JPEG	11	13	63	60
n03255030_111.JPEG	13	12	33	32
n03255030_320.JPEG	36	5	52	26
n03255030_148.JPEG	0	9	50	62
n03255030_413.JPEG	15	9	29	21
n03255030_317.JPEG	0	22	17	40
n03255030_457.JPEG	14	0	26	4
n03255030_236.JPEG	10	0	32	63
n03255030_392.JPEG	33	25	63	52
n03255030_345.JPEG	12	5	37	30
n02892201_203.JPEG	0	10	63	58
n02892201_212.JPEG	13	13	42	56
n02892201_220.JPEG	13	14	51	54
n02892201_234.JPEG	8	30	49	50
n02892201_33.JPEG	0	0	63	63
n02892201_139.JPEG	1	0	63	63
n02892201_454.JPEG	21	0	40	45
n02892201_227.JPEG	7	23	63	40
n02892201_468.JPEG	5	0	63	63
n02892201_201.JPEG	0	1	63	60
n02892201_484.JPEG	17	0	58	63
n02892201_178.JPEG	0	0	63	63
n02892201_378.JPEG	11	0	63	63
n02892201_218.JPEG	11	11	59	57
n02892201_358.JPEG	1	4	63	53
n02892201_35.JPEG	0	4	63	63
n02892201_439.JPEG	0	13	63	59
n02892201_377.JPEG	6	0	63	58
n02892201_172.JPEG	0	10	63	58
n02892201_57.JPEG	5	10	63	59
n02892201_183.JPEG	0	1	63	53
n02892201_208.JPEG	14	10	54	48
n02892201_102.JPEG	0	6	63	60
n02892201_222.JPEG	0	6	63	49
n02892201_24.JPEG	27	6	52	27
n02883205_68.JPEG	0	38	5	45
n02883205_209.JPEG	22	58	47	63
n02883205_57.JPEG	19	47	44	63
n02883205_293.JPEG	21	50	39	62
n02883205_420.JPEG	34	24	48	32
n02883205_482.JPEG	35	11	42	14
n02883205_25.JPEG	9	38	34	63
n02883205_244.JPEG	27	36	39	44
n02883205_197.JPEG	43	39	62	47
n02883205_419.JPEG	17	37	23	41
n02883205_149.JPEG	0	0	63	63
n02883205_178.JPEG	29	16	49	25
n02883205_342.JPEG	34	18	54	30
n02883205_98.JPEG	29	16	34	20
n02883205_428.JPEG	19	22	29	28
n02883205_412.JPEG	35	33	48	42
n02883205_187.JPEG	9	53	47	63
n02883205_137.JPEG	20	24	40	36
n02883205_63.JPEG	30	33	39	39
n02883205_355.JPEG	11	9	55	31
n02883205_5.JPEG	63	29	63	34
n02883205_368.JPEG	19	35	25	37
n02883205_273.JPEG	29	23	35	27
n02883205_161.JPEG	40	8	63	27
n02883205_498.JPEG	21	29	45	46
n03100240_125.JPEG	0	12	63	54
n03100240_400.JPEG	0	18	63	57
n03100240_320.JPEG	0	16	63	63
n03100240_283.JPEG	7	34	63	53
n03100240_162.JPEG	0	14	63	56
n03100240_317.JPEG	0	13	63	56
n03100240_193.JPEG	0	19	63	62
n03100240_177.JPEG	0	28	63	54
n03100240_25.JPEG	0	15	63	51
n03100240_470.JPEG	0	5	63	61
n03100240_156.JPEG	0	0	63	63
n03100240_323.JPEG	0	18	61	62
n03100240_167.JPEG	0	1	63	63
n03100240_94.JPEG	31	28	63	59
n03100240_480.JPEG	2	15	63	61
n03100240_267.JPEG	14	37	61	54
n03100240_95.JPEG	0	17	63	57
n03100240_27.JPEG	0	16	63	48
n03100240_139.JPEG	0	21	63	56
n03100240_275.JPEG	0	0	63	63
n03100240_34.JPEG	0	3	63	63
n03100240_74.JPEG	0	32	31	55
n03100240_97.JPEG	0	14	53	46
n03100240_286.JPEG	0	9	63	51
n03100240_149.JPEG	0	22	58	53
n02415577_139.JPEG	0	25	63	63
n02415577_73.JPEG	17	25	35	46
n02415577_48.JPEG	0	12	32	51
n02415577_145.JPEG	8	8	35	50
n02415577_456.JPEG	6	21	29	63
n02415577_171.JPEG	0	16	55	50
n02415577_239.JPEG	20	22	63	52
n02415577_86.JPEG	9	9	54	63
n02415577_190.JPEG	5	10	63	63
n02415577_331.JPEG	28	15	63	63
n02415577_335.JPEG	0	23	44	62
n02415577_388.JPEG	16	30	54	53
n02415577_422.JPEG	0	9	63	63
n02415577_247.JPEG	23	13	33	32
n02415577_234.JPEG	45	24	54	36
n02415577_423.JPEG	0	2	54	63
n02415577_266.JPEG	41	33	52	39
n02415577_268.JPEG	0	4	63	63
n02415577_220.JPEG	37	26	59	44
n02415577_294.JPEG	0	20	46	59
n02415577_491.JPEG	0	3	41	63
n02415577_376.JPEG	7	10	54	59
n02415577_130.JPEG	37	13	63	54
n02415577_157.JPEG	8	0	47	63
n02415577_419.JPEG	12	39	52	63
n02480495_404.JPEG	16	12	41	62
n02480495_49.JPEG	0	0	63	63
n02480495_258.JPEG	0	2	47	63
n02480495_159.JPEG	16	7	42	41
n02480495_141.JPEG	13	0	46	63
n02480495_445.JPEG	0	6	56	50
n02480495_471.JPEG	14	1	49	63
n02480495_248.JPEG	0	7	63	63
n02480495_77.JPEG	32	27	63	63
n02480495_68.JPEG	0	0	63	63
n02480495_312.JPEG	0	4	63	55
n02480495_371.JPEG	14	17	47	55
n02480495_237.JPEG	0	19	19	56
n02480495_272.JPEG	19	28	51	45
n02480495_399.JPEG	7	0	57	63
n02480495_395.JPEG	0	0	63	63
n02480495_94.JPEG	22	16	37	38
n02480495_339.JPEG	0	0	45	63
n02480495_230.JPEG	0	4	28	53
n02480495_217.JPEG	7	1	63	63
n02480495_213.JPEG	0	0	63	63
n02480495_135.JPEG	0	10	63	63
n02480495_235.JPEG	20	22	37	39
n02480495_360.JPEG	0	0	57	63
n02480495_132.JPEG	0	0	63	63
