n03014705_276.JPEG	0	29	61	63
n03014705_467.JPEG	0	0	63	63
n03014705_71.JPEG	0	9	54	59
n03014705_230.JPEG	5	2	63	63
n03014705_439.JPEG	1	3	58	61
n03014705_141.JPEG	0	18	63	49
n03014705_492.JPEG	0	15	63	63
n03014705_101.JPEG	0	1	63	63
n03014705_292.JPEG	0	1	63	63
n03014705_100.JPEG	0	3	63	55
n03014705_94.JPEG	1	10	57	57
n03014705_80.JPEG	6	0	63	63
n03014705_82.JPEG	5	0	61	63
n03014705_173.JPEG	15	5	49	53
n03014705_434.JPEG	7	10	55	54
n03014705_474.JPEG	0	11	63	59
n03014705_398.JPEG	0	3	63	62
n03014705_285.JPEG	0	10	63	58
n03014705_332.JPEG	2	8	63	56
n03014705_165.JPEG	0	1	58	61
n03014705_406.JPEG	0	5	63	61
n03014705_126.JPEG	0	0	63	62
n03014705_241.JPEG	0	8	58	58
n03014705_5.JPEG	0	1	61	63
n03014705_203.JPEG	2	6	63	62
n04251144_21.JPEG	26	24	30	33
n04251144_301.JPEG	0	0	9	63
n04251144_445.JPEG	31	15	61	60
n04251144_195.JPEG	33	23	46	56
n04251144_440.JPEG	7	54	30	63
n04251144_105.JPEG	30	29	37	37
n04251144_217.JPEG	28	2	46	62
n04251144_408.JPEG	12	0	50	62
n04251144_180.JPEG	34	17	45	41
n04251144_4.JPEG	13	11	23	22
n04251144_299.JPEG	54	33	60	40
n04251144_487.JPEG	17	30	33	49
n04251144_356.JPEG	12	0	63	38
n04251144_142.JPEG	29	17	33	26
n04251144_287.JPEG	46	1	63	18
n04251144_192.JPEG	40	33	56	54
n04251144_205.JPEG	39	2	62	59
n04251144_273.JPEG	30	5	45	39
n04251144_335.JPEG	36	15	43	27
n04251144_328.JPEG	30	0	54	62
n04251144_336.JPEG	16	6	27	23
n04251144_314.JPEG	26	0	63	63
n04251144_19.JPEG	0	0	49	63
n04251144_405.JPEG	10	1	25	34
n04251144_230.JPEG	37	20	63	47
n04356056_384.JPEG	28	3	45	9
n04356056_46.JPEG	7	11	52	33
n04356056_183.JPEG	10	21	40	31
n04356056_7.JPEG	0	14	52	61
n04356056_15.JPEG	1	10	31	22
n04356056_96.JPEG	10	19	63	61
n04356056_385.JPEG	3	27	61	45
n04356056_219.JPEG	14	26	41	33
n04356056_272.JPEG	1	13	63	54
n04356056_305.JPEG	0	15	63	53
n04356056_245.JPEG	28	22	58	35
n04356056_243.JPEG	0	12	42	30
n04356056_361.JPEG	17	23	41	29
n04356056_158.JPEG	20	17	42	31
n04356056_316.JPEG	47	16	57	21
n04356056_353.JPEG	42	20	63	31
n04356056_393.JPEG	17	20	62	35
n04356056_450.JPEG	0	17	63	60
n04356056_144.JPEG	8	14	58	44
n04356056_65.JPEG	0	1	39	22
n04356056_297.JPEG	9	13	15	15
n04356056_363.JPEG	0	16	63	51
n04356056_31.JPEG	1	13	20	23
n04356056_26.JPEG	0	11	63	60
n04356056_379.JPEG	0	15	63	24
n02190166_432.JPEG	0	1	63	63
n02190166_315.JPEG	0	0	63	62
n02190166_132.JPEG	11	34	36	45
n02190166_372.JPEG	5	8	62	60
n02190166_137.JPEG	0	6	63	59
n02190166_406.JPEG	15	9	53	45
n02190166_27.JPEG	7	12	58	54
n02190166_307.JPEG	18	9	53	60
n02190166_75.JPEG	24	20	63	63
n02190166_246.JPEG	3	3	61	60
n02190166_361.JPEG	0	2	51	63
n02190166_98.JPEG	2	0	62	63
n02190166_438.JPEG	7	14	59	61
n02190166_424.JPEG	14	9	51	52
n02190166_204.JPEG	7	9	55	54
n02190166_226.JPEG	22	20	38	39
n02190166_495.JPEG	37	26	52	40
n02190166_124.JPEG	3	8	59	56
n02190166_457.JPEG	21	27	41	40
n02190166_403.JPEG	11	10	53	58
n02190166_345.JPEG	11	2	56	59
n02190166_195.JPEG	20	0	63	63
n02190166_483.JPEG	0	1	63	62
n02190166_143.JPEG	8	1	46	51
n02190166_125.JPEG	5	0	60	59
n03670208_363.JPEG	0	23	63	61
n03670208_33.JPEG	10	25	63	36
n03670208_286.JPEG	0	2	63	60
n03670208_339.JPEG	28	35	63	47
n03670208_129.JPEG	0	0	63	63
n03670208_326.JPEG	0	8	63	61
n03670208_68.JPEG	0	29	63	51
n03670208_330.JPEG	0	13	63	58
n03670208_259.JPEG	0	25	63	52
n03670208_148.JPEG	0	39	63	56
n03670208_89.JPEG	0	12	63	46
n03670208_393.JPEG	7	31	50	40
n03670208_474.JPEG	0	24	63	62
n03670208_190.JPEG	0	24	63	53
n03670208_152.JPEG	0	26	63	53
n03670208_177.JPEG	6	6	63	63
n03670208_128.JPEG	0	26	63	63
n03670208_434.JPEG	0	19	63	44
n03670208_145.JPEG	0	24	63	61
n03670208_186.JPEG	0	27	63	49
n03670208_428.JPEG	0	23	63	49
n03670208_341.JPEG	0	10	63	63
n03670208_336.JPEG	0	1	63	63
n03670208_98.JPEG	37	5	63	29
n03670208_490.JPEG	0	25	63	46
n02002724_393.JPEG	9	0	60	63
n02002724_395.JPEG	16	5	58	63
n02002724_30.JPEG	18	11	56	52
n02002724_297.JPEG	18	17	47	45
n02002724_29.JPEG	11	7	54	49
n02002724_175.JPEG	0	17	63	53
n02002724_346.JPEG	2	16	57	58
n02002724_178.JPEG	23	11	31	54
n02002724_287.JPEG	10	0	30	24
n02002724_126.JPEG	9	5	63	63
n02002724_368.JPEG	18	1	54	61
n02002724_74.JPEG	24	3	63	54
n02002724_111.JPEG	5	5	63	63
n02002724_114.JPEG	5	6	63	63
n02002724_282.JPEG	11	19	28	46
n02002724_390.JPEG	12	15	50	43
n02002724_31.JPEG	13	19	29	42
n02002724_176.JPEG	0	0	63	63
n02002724_181.JPEG	18	11	52	45
n02002724_108.JPEG	13	7	52	62
n02002724_307.JPEG	5	4	61	58
n02002724_169.JPEG	15	0	59	47
n02002724_424.JPEG	21	2	63	63
n02002724_192.JPEG	17	0	54	43
n02002724_405.JPEG	31	10	59	55
n02074367_83.JPEG	0	0	42	37
n02074367_172.JPEG	0	22	25	57
n02074367_134.JPEG	0	14	63	49
n02074367_251.JPEG	0	0	63	61
n02074367_126.JPEG	4	17	63	52
n02074367_91.JPEG	14	19	63	47
n02074367_47.JPEG	33	13	63	60
n02074367_52.JPEG	11	0	52	63
n02074367_66.JPEG	14	24	63	62
n02074367_1.JPEG	0	16	63	41
n02074367_246.JPEG	0	22	63	58
n02074367_405.JPEG	0	16	63	63
n02074367_43.JPEG	0	4	62	57
n02074367_357.JPEG	0	19	63	63
n02074367_279.JPEG	16	7	61	60
n02074367_394.JPEG	14	0	63	63
n02074367_151.JPEG	12	7	55	63
n02074367_287.JPEG	7	26	58	63
n02074367_51.JPEG	6	13	48	47
n02074367_34.JPEG	0	18	63	45
n02074367_244.JPEG	0	7	61	60
n02074367_390.JPEG	0	1	63	61
n02074367_450.JPEG	0	36	52	63
n02074367_95.JPEG	13	8	63	41
n02074367_136.JPEG	16	22	63	63
n04285008_38.JPEG	1	15	63	45
n04285008_253.JPEG	0	1	63	63
n04285008_291.JPEG	0	24	63	56
n04285008_71.JPEG	0	4	63	52
n04285008_136.JPEG	0	2	63	58
n04285008_155.JPEG	0	20	63	50
n04285008_91.JPEG	0	3	63	53
n04285008_174.JPEG	0	3	63	62
n04285008_323.JPEG	0	11	63	53
n04285008_343.JPEG	0	20	63	50
n04285008_26.JPEG	0	12	63	51
n04285008_290.JPEG	0	32	35	46
n04285008_461.JPEG	0	3	63	61
n04285008_326.JPEG	0	10	63	52
n04285008_277.JPEG	0	5	63	52
n04285008_453.JPEG	0	10	63	58
n04285008_325.JPEG	0	17	63	55
n04285008_346.JPEG	0	17	63	61
n04285008_340.JPEG	8	25	63	58
n04285008_135.JPEG	0	4	61	58
n04285008_80.JPEG	0	3	63	63
n04285008_470.JPEG	0	1	63	58
n04285008_330.JPEG	0	20	63	54
n04285008_248.JPEG	0	8	63	61
n04285008_348.JPEG	0	3	63	62
n04560804_47.JPEG	13	12	50	49
n04560804_414.JPEG	1	0	63	63
n04560804_131.JPEG	11	4	42	63
n04560804_254.JPEG	22	0	58	47
n04560804_198.JPEG	9	0	60	63
n04560804_249.JPEG	1	0	63	63
n04560804_366.JPEG	12	0	53	63
n04560804_6.JPEG	25	1	44	63
n04560804_170.JPEG	11	0	63	55
n04560804_35.JPEG	7	0	57	44
n04560804_327.JPEG	0	16	35	63
n04560804_421.JPEG	3	0	62	63
n04560804_302.JPEG	9	0	63	63
n04560804_291.JPEG	10	2	49	63
n04560804_52.JPEG	35	38	48	54
n04560804_487.JPEG	8	16	61	59
n04560804_140.JPEG	0	7	41	58
n04560804_329.JPEG	16	5	52	44
n04560804_51.JPEG	48	8	63	37
n04560804_190.JPEG	29	33	40	46
n04560804_326.JPEG	0	0	63	50
n04560804_412.JPEG	4	6	59	63
n04560804_415.JPEG	9	0	54	52
n04560804_382.JPEG	50	41	63	58
n04560804_411.JPEG	7	0	59	63
n04366367_206.JPEG	7	0	63	42
n04366367_81.JPEG	10	0	63	58
n04366367_121.JPEG	0	11	63	24
n04366367_71.JPEG	9	1	63	47
n04366367_209.JPEG	0	3	60	63
n04366367_102.JPEG	0	1	61	63
n04366367_37.JPEG	0	0	63	63
n04366367_466.JPEG	0	12	59	57
n04366367_248.JPEG	0	17	63	63
n04366367_474.JPEG	1	20	48	63
n04366367_477.JPEG	0	0	63	63
n04366367_256.JPEG	0	12	63	56
n04366367_128.JPEG	0	0	33	63
n04366367_105.JPEG	1	9	40	63
n04366367_449.JPEG	0	24	63	49
n04366367_354.JPEG	46	0	63	56
n04366367_54.JPEG	1	0	63	63
n04366367_40.JPEG	0	27	63	58
n04366367_5.JPEG	0	18	63	63
n04366367_27.JPEG	0	0	63	63
n04366367_213.JPEG	0	14	63	55
n04366367_356.JPEG	0	15	63	36
n04366367_392.JPEG	0	37	63	48
n04366367_439.JPEG	20	2	61	63
n04366367_207.JPEG	1	0	63	63
