n03388043_197.JPEG	0	1	63	63
n03388043_379.JPEG	23	4	50	54
n03388043_198.JPEG	0	13	63	55
n03388043_456.JPEG	6	0	63	63
n03388043_149.JPEG	19	15	53	63
n03388043_450.JPEG	48	0	63	57
n03388043_265.JPEG	0	2	53	47
n03388043_355.JPEG	16	18	62	49
n03388043_2.JPEG	1	0	63	63
n03388043_32.JPEG	23	19	47	53
n03388043_151.JPEG	3	5	63	61
n03388043_448.JPEG	0	20	63	63
n03388043_430.JPEG	1	9	63	57
n03388043_330.JPEG	0	3	42	45
n03388043_447.JPEG	2	56	63	63
n03388043_112.JPEG	0	12	63	62
n03388043_213.JPEG	0	33	63	63
n03388043_298.JPEG	19	1	46	57
n03388043_432.JPEG	0	1	63	63
n03388043_451.JPEG	0	0	63	63
n03388043_328.JPEG	21	0	42	53
n03388043_155.JPEG	0	2	63	63
n03388043_84.JPEG	17	16	63	63
n03388043_242.JPEG	16	0	45	55
n03388043_100.JPEG	7	2	53	49
n01774384_296.JPEG	25	0	39	20
n01774384_458.JPEG	3	1	58	58
n01774384_420.JPEG	0	1	63	63
n01774384_411.JPEG	7	20	56	45
n01774384_415.JPEG	2	18	63	53
n01774384_220.JPEG	2	0	58	63
n01774384_215.JPEG	38	17	63	36
n01774384_393.JPEG	16	16	56	37
n01774384_193.JPEG	10	3	57	61
n01774384_392.JPEG	20	27	47	44
n01774384_478.JPEG	12	0	56	63
n01774384_120.JPEG	0	15	62	57
n01774384_16.JPEG	0	4	43	61
n01774384_256.JPEG	23	5	43	56
n01774384_49.JPEG	25	20	44	44
n01774384_419.JPEG	11	24	29	41
n01774384_489.JPEG	24	20	34	32
n01774384_401.JPEG	29	20	41	42
n01774384_24.JPEG	21	11	41	42
n01774384_116.JPEG	0	15	63	46
n01774384_433.JPEG	3	25	43	46
n01774384_22.JPEG	3	0	63	63
n01774384_56.JPEG	6	24	41	40
n01774384_328.JPEG	0	0	63	63
n01774384_64.JPEG	15	15	60	59
n02837789_15.JPEG	11	15	45	63
n02837789_183.JPEG	38	3	63	63
n02837789_405.JPEG	5	0	57	63
n02837789_326.JPEG	32	35	50	63
n02837789_293.JPEG	13	6	30	40
n02837789_185.JPEG	16	16	50	63
n02837789_161.JPEG	33	14	48	40
n02837789_92.JPEG	25	6	39	33
n02837789_241.JPEG	14	25	47	63
n02837789_211.JPEG	24	17	39	41
n02837789_339.JPEG	5	32	55	63
n02837789_178.JPEG	20	23	35	51
n02837789_43.JPEG	25	16	47	63
n02837789_142.JPEG	31	22	44	45
n02837789_390.JPEG	21	14	60	63
n02837789_67.JPEG	14	10	48	63
n02837789_123.JPEG	28	17	49	51
n02837789_274.JPEG	19	14	47	63
n02837789_409.JPEG	4	19	26	44
n02837789_207.JPEG	16	15	36	54
n02837789_419.JPEG	28	38	55	51
n02837789_194.JPEG	9	7	38	63
n02837789_327.JPEG	54	33	63	56
n02837789_44.JPEG	29	44	34	54
n02837789_126.JPEG	20	17	52	63
n07579787_358.JPEG	1	18	57	63
n07579787_324.JPEG	0	1	63	63
n07579787_132.JPEG	0	2	63	63
n07579787_351.JPEG	0	3	63	63
n07579787_222.JPEG	0	0	63	63
n07579787_98.JPEG	3	7	29	35
n07579787_200.JPEG	0	5	63	63
n07579787_152.JPEG	8	55	57	63
n07579787_260.JPEG	0	19	63	53
n07579787_300.JPEG	4	36	59	45
n07579787_61.JPEG	0	5	63	63
n07579787_308.JPEG	0	0	63	63
n07579787_296.JPEG	0	5	63	58
n07579787_321.JPEG	1	12	63	63
n07579787_350.JPEG	0	40	63	53
n07579787_368.JPEG	0	1	63	63
n07579787_172.JPEG	35	44	63	62
n07579787_11.JPEG	0	8	63	61
n07579787_205.JPEG	0	9	63	63
n07579787_459.JPEG	0	4	63	63
n07579787_25.JPEG	0	14	62	59
n07579787_379.JPEG	0	16	63	57
n07579787_377.JPEG	0	4	63	63
n07579787_367.JPEG	0	1	63	63
n07579787_154.JPEG	0	1	63	63
n04399382_53.JPEG	5	0	59	63
n04399382_100.JPEG	39	0	63	38
n04399382_232.JPEG	10	0	60	63
n04399382_115.JPEG	11	10	63	58
n04399382_368.JPEG	22	1	63	55
n04399382_381.JPEG	2	3	61	63
n04399382_205.JPEG	2	0	61	63
n04399382_83.JPEG	20	26	40	45
n04399382_136.JPEG	1	7	61	63
n04399382_22.JPEG	0	1	63	63
n04399382_202.JPEG	0	0	63	63
n04399382_34.JPEG	5	0	53	61
n04399382_429.JPEG	18	3	63	61
n04399382_359.JPEG	4	6	63	63
n04399382_87.JPEG	8	7	51	60
n04399382_276.JPEG	0	1	63	63
n04399382_108.JPEG	2	0	61	63
n04399382_421.JPEG	3	4	63	63
n04399382_310.JPEG	2	5	57	63
n04399382_375.JPEG	3	0	63	63
n04399382_98.JPEG	0	8	61	60
n04399382_162.JPEG	15	0	63	63
n04399382_394.JPEG	0	7	8	37
n04399382_211.JPEG	1	1	63	63
n04399382_80.JPEG	3	0	58	63
n02791270_73.JPEG	0	0	63	63
n02791270_89.JPEG	1	0	63	63
n02791270_275.JPEG	0	1	63	63
n02791270_298.JPEG	9	6	54	63
n02791270_107.JPEG	13	11	59	48
n02791270_437.JPEG	0	11	53	62
n02791270_41.JPEG	2	0	60	63
n02791270_171.JPEG	0	0	63	63
n02791270_347.JPEG	0	0	63	63
n02791270_36.JPEG	0	5	55	63
n02791270_49.JPEG	0	2	63	48
n02791270_403.JPEG	0	1	63	63
n02791270_61.JPEG	0	1	63	63
n02791270_50.JPEG	0	0	40	63
n02791270_110.JPEG	0	0	63	63
n02791270_321.JPEG	0	0	63	63
n02791270_343.JPEG	0	1	63	63
n02791270_234.JPEG	0	0	63	63
n02791270_96.JPEG	0	0	63	63
n02791270_412.JPEG	0	1	63	61
n02791270_235.JPEG	0	0	63	63
n02791270_376.JPEG	0	1	63	63
n02791270_313.JPEG	0	1	63	63
n02791270_155.JPEG	0	0	63	63
n02791270_481.JPEG	0	0	63	63
n03089624_392.JPEG	0	1	63	63
n03089624_442.JPEG	0	0	63	63
n03089624_499.JPEG	0	0	63	63
n03089624_439.JPEG	0	0	63	63
n03089624_149.JPEG	0	0	63	63
n03089624_159.JPEG	0	0	63	63
n03089624_40.JPEG	0	1	63	63
n03089624_286.JPEG	0	0	63	63
n03089624_192.JPEG	10	45	22	63
n03089624_280.JPEG	23	14	35	29
n03089624_233.JPEG	0	0	63	63
n03089624_137.JPEG	0	4	63	62
n03089624_46.JPEG	0	0	63	63
n03089624_300.JPEG	0	1	63	63
n03089624_430.JPEG	0	0	63	63
n03089624_298.JPEG	57	43	63	56
n03089624_240.JPEG	0	0	63	63
n03089624_222.JPEG	51	50	63	57
n03089624_486.JPEG	0	0	63	63
n03089624_427.JPEG	0	0	63	63
n03089624_191.JPEG	0	1	63	63
n03089624_473.JPEG	0	0	63	63
n03089624_367.JPEG	0	0	63	63
n03089624_359.JPEG	0	0	63	63
n03089624_104.JPEG	0	1	63	63
n02814533_283.JPEG	13	26	56	49
n02814533_254.JPEG	0	3	63	62
n02814533_378.JPEG	0	3	63	56
n02814533_99.JPEG	0	10	63	62
n02814533_242.JPEG	0	11	63	55
n02814533_301.JPEG	5	55	53	63
n02814533_436.JPEG	0	12	63	48
n02814533_82.JPEG	0	19	63	46
n02814533_252.JPEG	4	15	63	51
n02814533_297.JPEG	0	14	63	57
n02814533_195.JPEG	0	17	63	56
n02814533_128.JPEG	0	16	63	62
n02814533_190.JPEG	0	23	60	58
n02814533_459.JPEG	0	1	63	63
n02814533_213.JPEG	1	11	63	49
n02814533_488.JPEG	0	25	51	44
n02814533_188.JPEG	22	23	60	38
n02814533_146.JPEG	0	7	63	62
n02814533_454.JPEG	0	23	48	58
n02814533_379.JPEG	6	12	63	53
n02814533_234.JPEG	0	6	63	62
n02814533_362.JPEG	0	5	63	59
n02814533_358.JPEG	0	18	63	48
n02814533_184.JPEG	0	13	63	58
n02814533_134.JPEG	0	1	63	63
n04149813_124.JPEG	0	11	63	52
n04149813_148.JPEG	27	43	59	61
n04149813_165.JPEG	0	0	63	63
n04149813_266.JPEG	0	0	63	60
n04149813_405.JPEG	34	3	61	51
n04149813_5.JPEG	0	1	63	42
n04149813_144.JPEG	22	36	63	54
n04149813_101.JPEG	0	15	62	60
n04149813_392.JPEG	0	34	32	53
n04149813_132.JPEG	18	3	63	30
n04149813_179.JPEG	0	19	46	33
n04149813_272.JPEG	5	14	51	49
n04149813_417.JPEG	0	2	63	63
n04149813_459.JPEG	0	0	63	63
n04149813_153.JPEG	0	18	63	59
n04149813_499.JPEG	0	0	63	63
n04149813_482.JPEG	14	28	43	37
n04149813_257.JPEG	8	18	56	51
n04149813_284.JPEG	0	0	63	60
n04149813_198.JPEG	11	23	57	46
n04149813_189.JPEG	0	1	63	63
n04149813_313.JPEG	0	7	63	58
n04149813_93.JPEG	0	8	63	63
n04149813_495.JPEG	0	2	63	61
n04149813_283.JPEG	0	0	63	63
n07747607_168.JPEG	26	26	45	46
n07747607_327.JPEG	0	6	63	63
n07747607_25.JPEG	20	23	63	56
n07747607_287.JPEG	0	7	58	63
n07747607_56.JPEG	10	14	45	49
n07747607_264.JPEG	9	10	61	59
n07747607_124.JPEG	0	27	56	63
n07747607_52.JPEG	43	57	62	63
n07747607_462.JPEG	0	0	63	63
n07747607_144.JPEG	0	0	63	63
n07747607_286.JPEG	7	23	55	57
n07747607_87.JPEG	0	0	63	63
n07747607_78.JPEG	54	4	63	51
n07747607_149.JPEG	26	24	62	57
n07747607_467.JPEG	0	21	47	63
n07747607_419.JPEG	49	51	63	63
n07747607_248.JPEG	17	0	63	50
n07747607_68.JPEG	19	16	54	52
n07747607_346.JPEG	5	13	52	62
n07747607_386.JPEG	1	0	62	37
n07747607_136.JPEG	37	24	45	31
n07747607_466.JPEG	22	17	63	60
n07747607_65.JPEG	20	20	48	48
n07747607_284.JPEG	0	22	37	62
n07747607_182.JPEG	17	28	45	54
