n01945685_371.JPEG	0	10	46	63
n01945685_212.JPEG	0	12	54	50
n01945685_302.JPEG	18	25	59	44
n01945685_387.JPEG	1	7	63	63
n01945685_95.JPEG	0	14	63	45
n01945685_357.JPEG	22	27	63	49
n01945685_331.JPEG	19	23	51	50
n01945685_243.JPEG	0	14	63	54
n01945685_182.JPEG	0	24	63	50
n01945685_96.JPEG	0	8	63	62
n01945685_164.JPEG	1	14	57	52
n01945685_403.JPEG	25	30	49	53
n01945685_284.JPEG	19	19	28	30
n01945685_336.JPEG	18	22	63	48
n01945685_312.JPEG	21	12	49	52
n01945685_395.JPEG	10	7	63	59
n01945685_307.JPEG	0	33	63	50
n01945685_28.JPEG	7	13	63	58
n01945685_384.JPEG	25	24	52	45
n01945685_226.JPEG	3	24	63	52
n01945685_303.JPEG	0	10	63	46
n01945685_348.JPEG	54	35	63	50
n01945685_433.JPEG	18	26	42	40
n01945685_41.JPEG	7	0	62	53
n01945685_375.JPEG	0	11	62	43
n02395406_119.JPEG	14	12	60	56
n02395406_483.JPEG	5	14	63	41
n02395406_433.JPEG	9	3	63	60
n02395406_482.JPEG	2	7	63	58
n02395406_472.JPEG	0	0	63	63
n02395406_225.JPEG	0	14	50	53
n02395406_168.JPEG	12	5	55	63
n02395406_0.JPEG	52	35	63	56
n02395406_139.JPEG	11	4	63	63
n02395406_422.JPEG	1	0	62	63
n02395406_180.JPEG	11	22	58	57
n02395406_55.JPEG	0	0	63	61
n02395406_400.JPEG	0	0	63	63
n02395406_499.JPEG	5	16	60	47
n02395406_128.JPEG	44	46	63	58
n02395406_406.JPEG	11	11	50	62
n02395406_124.JPEG	28	36	48	61
n02395406_417.JPEG	9	0	63	63
n02395406_401.JPEG	0	2	63	63
n02395406_163.JPEG	0	3	63	63
n02395406_105.JPEG	21	21	35	38
n02395406_444.JPEG	0	0	63	52
n02395406_169.JPEG	17	17	59	63
n02395406_251.JPEG	1	0	63	52
n02395406_469.JPEG	0	37	14	60
n02125311_198.JPEG	7	0	63	63
n02125311_255.JPEG	0	18	61	44
n02125311_30.JPEG	0	1	63	63
n02125311_33.JPEG	0	10	57	62
n02125311_398.JPEG	4	0	61	63
n02125311_108.JPEG	1	0	63	63
n02125311_405.JPEG	13	6	60	63
n02125311_102.JPEG	2	7	63	56
n02125311_338.JPEG	15	15	43	60
n02125311_2.JPEG	3	6	53	54
n02125311_336.JPEG	25	14	63	54
n02125311_312.JPEG	10	8	63	63
n02125311_363.JPEG	4	26	63	63
n02125311_84.JPEG	0	14	42	63
n02125311_232.JPEG	0	0	63	63
n02125311_174.JPEG	23	24	63	47
n02125311_6.JPEG	6	21	49	53
n02125311_490.JPEG	19	18	63	51
n02125311_21.JPEG	0	20	63	59
n02125311_29.JPEG	30	14	60	60
n02125311_178.JPEG	2	10	63	63
n02125311_83.JPEG	0	9	63	63
n02125311_50.JPEG	17	22	57	60
n02125311_368.JPEG	0	3	42	60
n02125311_394.JPEG	4	27	49	55
n03126707_162.JPEG	9	0	46	63
n03126707_56.JPEG	3	14	63	52
n03126707_239.JPEG	3	0	63	63
n03126707_355.JPEG	0	0	63	50
n03126707_493.JPEG	1	12	63	63
n03126707_393.JPEG	32	38	40	49
n03126707_411.JPEG	0	0	63	61
n03126707_234.JPEG	0	15	50	63
n03126707_58.JPEG	0	10	63	63
n03126707_144.JPEG	0	0	63	63
n03126707_25.JPEG	0	4	63	41
n03126707_232.JPEG	29	14	63	63
n03126707_440.JPEG	8	5	51	41
n03126707_317.JPEG	1	6	63	53
n03126707_219.JPEG	42	0	63	63
n03126707_174.JPEG	44	0	63	63
n03126707_475.JPEG	0	10	63	63
n03126707_298.JPEG	0	1	63	63
n03126707_236.JPEG	0	1	63	63
n03126707_3.JPEG	28	7	46	63
n03126707_246.JPEG	10	5	48	61
n03126707_112.JPEG	14	0	43	63
n03126707_88.JPEG	10	0	48	63
n03126707_366.JPEG	0	0	60	63
n03126707_485.JPEG	0	0	42	63
n04532106_183.JPEG	1	20	25	63
n04532106_346.JPEG	3	0	49	63
n04532106_483.JPEG	12	6	51	63
n04532106_21.JPEG	21	23	52	63
n04532106_382.JPEG	0	16	46	63
n04532106_156.JPEG	11	0	46	63
n04532106_104.JPEG	4	0	60	63
n04532106_129.JPEG	0	15	15	63
n04532106_95.JPEG	10	11	62	63
n04532106_267.JPEG	11	0	61	63
n04532106_442.JPEG	2	32	63	63
n04532106_477.JPEG	0	7	63	63
n04532106_266.JPEG	9	1	47	63
n04532106_28.JPEG	8	0	59	63
n04532106_259.JPEG	5	20	51	63
n04532106_15.JPEG	3	0	60	63
n04532106_158.JPEG	27	9	63	63
n04532106_440.JPEG	2	0	62	63
n04532106_191.JPEG	2	0	63	63
n04532106_392.JPEG	4	29	62	63
n04532106_131.JPEG	19	17	44	60
n04532106_464.JPEG	2	0	63	63
n04532106_185.JPEG	33	8	56	63
n04532106_87.JPEG	7	19	59	63
n04532106_236.JPEG	4	0	59	63
n02268443_491.JPEG	1	2	58	52
n02268443_80.JPEG	4	13	42	30
n02268443_274.JPEG	6	12	43	46
n02268443_197.JPEG	8	1	62	62
n02268443_367.JPEG	8	0	57	26
n02268443_450.JPEG	4	2	59	52
n02268443_196.JPEG	7	2	59	41
n02268443_377.JPEG	2	28	63	63
n02268443_236.JPEG	0	23	37	56
n02268443_209.JPEG	11	23	44	50
n02268443_366.JPEG	0	18	42	35
n02268443_29.JPEG	5	0	63	48
n02268443_63.JPEG	0	10	63	54
n02268443_321.JPEG	0	4	63	46
n02268443_276.JPEG	5	5	50	29
n02268443_153.JPEG	0	5	63	60
n02268443_263.JPEG	13	25	52	46
n02268443_399.JPEG	11	18	55	42
n02268443_26.JPEG	0	1	63	63
n02268443_446.JPEG	3	8	61	63
n02268443_115.JPEG	0	15	63	63
n02268443_279.JPEG	0	4	63	61
n02268443_53.JPEG	15	27	33	52
n02268443_455.JPEG	7	4	63	50
n02268443_137.JPEG	0	13	63	49
n02977058_164.JPEG	31	15	62	59
n02977058_41.JPEG	0	5	31	63
n02977058_232.JPEG	22	31	39	58
n02977058_126.JPEG	40	0	61	63
n02977058_318.JPEG	0	1	63	63
n02977058_471.JPEG	0	0	63	63
n02977058_483.JPEG	13	26	44	61
n02977058_269.JPEG	17	22	31	54
n02977058_363.JPEG	43	12	60	54
n02977058_280.JPEG	7	0	57	63
n02977058_16.JPEG	4	20	13	38
n02977058_319.JPEG	57	15	63	52
n02977058_436.JPEG	24	22	45	52
n02977058_495.JPEG	11	0	58	63
n02977058_460.JPEG	48	0	63	63
n02977058_93.JPEG	6	2	63	63
n02977058_274.JPEG	16	0	51	63
n02977058_7.JPEG	47	7	57	45
n02977058_341.JPEG	0	8	63	60
n02977058_448.JPEG	9	4	52	63
n02977058_346.JPEG	4	2	63	58
n02977058_476.JPEG	0	15	44	60
n02977058_295.JPEG	0	1	63	61
n02977058_257.JPEG	1	0	63	63
n02977058_135.JPEG	20	2	47	31
n07734744_338.JPEG	23	8	63	52
n07734744_214.JPEG	5	15	35	53
n07734744_110.JPEG	7	5	55	39
n07734744_94.JPEG	25	3	63	53
n07734744_317.JPEG	12	3	50	35
n07734744_259.JPEG	25	21	50	61
n07734744_388.JPEG	30	9	61	31
n07734744_241.JPEG	36	19	63	42
n07734744_438.JPEG	0	1	63	58
n07734744_475.JPEG	4	47	25	63
n07734744_20.JPEG	11	0	60	34
n07734744_149.JPEG	13	13	54	63
n07734744_2.JPEG	22	22	42	39
n07734744_216.JPEG	4	13	47	45
n07734744_415.JPEG	14	14	63	54
n07734744_184.JPEG	10	38	27	62
n07734744_458.JPEG	10	12	59	52
n07734744_406.JPEG	0	8	62	59
n07734744_157.JPEG	30	18	52	63
n07734744_116.JPEG	14	21	44	53
n07734744_17.JPEG	4	23	35	53
n07734744_350.JPEG	25	7	51	53
n07734744_442.JPEG	30	7	63	55
n07734744_307.JPEG	23	25	53	54
n07734744_212.JPEG	0	15	37	51
n03599486_160.JPEG	0	3	63	61
n03599486_185.JPEG	0	15	63	61
n03599486_343.JPEG	7	22	47	63
n03599486_472.JPEG	0	26	61	63
n03599486_28.JPEG	0	7	48	63
n03599486_204.JPEG	0	0	62	63
n03599486_77.JPEG	1	10	63	63
n03599486_163.JPEG	4	0	59	63
n03599486_437.JPEG	0	18	46	57
n03599486_280.JPEG	9	0	58	63
n03599486_80.JPEG	6	0	44	37
n03599486_169.JPEG	13	21	61	63
n03599486_384.JPEG	0	35	63	63
n03599486_222.JPEG	5	0	55	63
n03599486_243.JPEG	11	0	55	63
n03599486_458.JPEG	0	15	63	63
n03599486_59.JPEG	21	32	46	59
n03599486_490.JPEG	0	13	63	63
n03599486_277.JPEG	0	2	63	63
n03599486_336.JPEG	0	1	60	60
n03599486_320.JPEG	0	2	58	63
n03599486_90.JPEG	13	10	44	59
n03599486_158.JPEG	0	7	63	63
n03599486_394.JPEG	22	6	63	59
n03599486_412.JPEG	1	0	63	63
n04562935_279.JPEG	28	0	48	59
n04562935_181.JPEG	13	12	32	57
n04562935_26.JPEG	7	0	57	63
n04562935_106.JPEG	13	4	50	53
n04562935_93.JPEG	19	0	47	63
n04562935_18.JPEG	21	6	63	63
n04562935_147.JPEG	1	26	13	47
n04562935_9.JPEG	34	1	63	62
n04562935_110.JPEG	21	0	49	63
n04562935_410.JPEG	12	14	58	52
n04562935_37.JPEG	14	6	63	63
n04562935_241.JPEG	12	0	51	63
n04562935_489.JPEG	14	0	50	63
n04562935_296.JPEG	17	16	32	51
n04562935_353.JPEG	13	1	63	63
n04562935_350.JPEG	21	21	48	62
n04562935_10.JPEG	16	0	47	54
n04562935_201.JPEG	1	3	47	63
n04562935_64.JPEG	17	27	31	52
n04562935_376.JPEG	16	3	48	63
n04562935_34.JPEG	17	3	46	63
n04562935_245.JPEG	17	7	47	63
n04562935_256.JPEG	6	2	58	63
n04562935_89.JPEG	35	5	46	33
n04562935_412.JPEG	15	12	47	63
