30281
33894
3768
6113
48095
361
1212
2437
2791
7771
9582
10725
11791
24800
25999
27436
28928
35914
37721
39537
40626
43609
45030
46381
49167
28913
32821
6172
8276
48004
489
1412
3369
4599
9593
11347
12480
13158
23803
25168
26074
27776
34514
36296
37741
38982
42524
44761
46294
49323
31249
34088
5257
6961
47534
318
1296
3507
3833
8257
9902
11431
12518
26065
27035
28280
30049
35285
36329
37781
40083
43699
44909
45853
49368
30404
34101
4985
6899
48115
497
1945
3265
3884
8796
10886
12126
13645
24301
26089
27312
28252
35142
36721
38266
39631
43867
45230
47126
49397
31823
35148
3922
6548
48127
350
1031
2619
2953
8501
9941
11266
12589
26034
27891
28920
30467
36217
37235
38544
40479
44447
45247
46883
49356
