28855
32834
4603
6914
48126
292
958
3105
3602
8123
10038
11569
13399
23191
24196
25655
27400
33835
35425
37018
38680
43879
45425
46848
49210
29932
33300
3860
5424
47055
265
800
2447
2684
6976
9116
11027
12470
23251
25236
26360
28369
34318
35897
37095
38211
42775
44314
45829
49086
29434
32604
4609
6380
47844
426
1247
2860
3540
7961
9483
11131
12908
23572
24855
26351
27380
34036
35757
37221
38366
42399
44686
46608
49340
30456
34217
4361
6550
46896
320
1225
2956
3377
8399
9863
11225
12920
24364
25987
27599
29117
35628
36879
37974
39234
43742
44821
45714
48550
29664
32857
4923
7502
47270
633
1677
3469
3819
9189
10737
11735
12829
24066
25298
26754
28296
34552
35735
37267
38785
42127
43285
45550
49169
