32337
35646
6022
9048
48584
461
1499
3428
4358
11091
12335
13522
15095
27237
28577
30274
31486
36740
37753
39169
40238
44815
46277
47170
49617
30768
34394
5091
6510
48023
605
1572
3233
3990
8315
9796
11120
13003
24324
25391
27416
28677
35788
36555
38284
40045
44302
45248
46632
49606
30310
33230
5098
6671
48349
539
1493
3299
3525
8260
9480
10977
12362
24749
26020
27792
28654
34384
36422
37897
40102
44132
45228
46433
49289
29690
33490
4260
5916
47371
305
1811
3032
3422
7348
8598
10446
11895
23509
24979
26752
28343
34923
36210
37110
38585
43064
44199
46292
48565
31173
34943
4517
6494
47689
236
1449
3269
3572
7940
9767
11341
12596
25425
26456
28216
29585
36502
37668
38627
40275
43905
45237
46312
49072
