29774
33344
4815
6772
48317
462
1630
3088
3748
8694
10493
11404
12940
25469
26452
27282
28730
34437
35289
36760
38625
43050
44937
46939
49427
29918
33262
5138
7342
47874
544
1566
3154
3749
8709
10392
11702
13367
24043
25154
26661
27680
34452
35601
37052
38212
43826
45243
46411
49388
28864
32471
4316
6436
47498
524
1359
2971
3625
7721
9410
10731
11899
24082
25291
26209
27557
33993
36250
37828
39813
43026
44267
45347
49593
29802
33159
3730
5093
47740
435
1049
2718
2795
6787
8367
9523
11024
22552
24622
26897
28707
34442
35809
37516
39207
43779
45401
46240
49120
30548
34549
2845
4996
47866
81
698
1459
2305
6866
8438
9606
11217
25533
26625
27856
29199
36233
37856
38471
39343
43427
45134
46300
49599
