29355
33909
3982
5389
47166
276
1141
2427
3140
6882
8418
10597
11425
23962
25738
26536
27516
35875
37367
39115
40505
44076
44892
46004
49387
31058
35180
5177
6890
48032
869
1725
3620
4127
8886
11737
12846
13930
25163
26589
28498
29844
36355
37866
39229
40934
44088
45805
47148
49255
31176
35098
5235
7861
47830
751
1815
3539
4371
8981
10441
11549
13160
25831
27136
28087
29877
35878
36900
37903
38742
43000
44208
46152
49076
30874
34639
5266
7489
47323
770
1488
3824
4354
10371
11556
12400
13959
25452
26904
27641
29068
35432
36948
38263
38842
42943
44564
45899
49073
29960
34050
4988
7434
48208
667
1466
2608
3432
9056
10095
11373
12591
24209
25719
27790
28924
35663
38730
39857
41447
45398
46185
47485
49542
