30463
34580
5230
6813
48605
545
1498
3617
4281
8358
9851
11321
13525
25442
26713
28037
29681
36509
37729
38920
41176
44800
46111
47375
49265
31702
35249
5854
7765
48444
349
2108
3408
4195
10063
11466
13611
15034
26687
28206
29435
30802
37045
38501
39740
41323
45217
46882
47786
49661
30380
34028
5211
7433
47988
312
1720
3303
3614
8958
10485
12181
13649
24834
26290
27738
28940
36284
38187
39603
40894
44677
45577
46801
49314
31348
34021
4929
7033
47904
578
1021
2399
3272
8711
10368
11806
12511
25848
27398
28915
29816
35778
37063
38812
39959
43556
45304
46409
49486
30627
33728
4895
6299
47507
962
2138
3311
4029
8466
9642
11155
12165
25075
26183
27328
28936
35149
35938
37717
39181
43398
44598
46272
49261
