31267
34427
4799
6611
47404
572
1609
3020
3739
7485
9573
11603
12888
24389
26600
28146
29682
35129
37229
38241
39352
42355
44326
45776
49286
28509
31687
3477
5563
48003
434
924
2220
2643
7272
9208
10754
11648
23749
24729
25820
27452
33541
34938
36575
37791
43091
45010
46573
49311
29545
33412
5114
6808
47692
486
1709
3899
4328
8035
9836
10715
11667
24638
25983
27203
28495
34178
35099
37330
38358
42792
44136
45752
49258
29209
33265
4131
6401
48102
346
1423
2859
3104
8169
10343
11323
12924
23141
24662
25689
27423
34773
36571
37577
39795
43127
44570
46581
49281
31290
34432
6060
8451
48279
561
1240
3445
3873
10045
11489
12732
14062
26836
28072
29082
29983
36047
37616
39088
40148
44973
46237
47056
49463
