30815
34450
3481
5089
47913
480
1372
2207
2357
6871
8863
10480
13026
25162
26698
28102
28692
35933
37177
38647
39970
43731
45000
46181
49573
31683
34591
5251
7608
47984
496
1513
3334
3978
9567
10915
12592
14938
25661
26989
28497
30343
36135
38089
39576
40963
45298
46264
47045
49425
29837
33823
4615
6448
47752
332
1688
2983
3315
8145
9522
10902
12141
24564
25636
26966
28070
35052
36278
37769
39406
43652
44926
46479
49355
31222
34079
5686
7919
48675
531
1789
3903
4068
9900
10554
11826
13231
26068
27300
28390
30113
36401
37728
39306
40591
44516
46126
47318
49717
28567
32964
5009
6201
47039
257
1154
3034
3406
7573
9457
10891
12536
22928
24850
26389
27249
34123
36363
37498
38721
42688
43808
45786
48214
